0,9.900519119846187
1,2.963371990112003
2,0.020794396801660207
3,0.02283974730674154
4,0.025566881313516646
5,0.02795312356944487
6,0.03033936582537309
7,0.0330664998321482
8,0.03545274208807642
9,0.037838984344004636
10,0.04056611835077975
11,0.04295236060670797
12,0.04567949461348308
13,0.0480657368694113
14,0.05045197912533952
15,0.053179113132114625
16,0.055565355388042845
17,0.05795159764397107
18,0.06067873165074618
19,0.0630649739066744
20,0.06545121616260262
21,0.06817835016937773
22,0.07056459242530595
23,0.07295083468123417
24,0.07567796868800927
25,0.07806421094393749
26,0.0807913449507126
27,0.08317758720664083
28,0.08556382946256905
29,0.08829096346934416
30,0.09067720572527238
31,0.0930634479812006
32,0.0957905819879757
33,0.09817682424390392
34,0.10056306649983215
35,0.10329020050660725
36,0.10567644276253547
37,0.1080626850184637
38,0.11078981902523881
39,0.11317606128116703
40,0.11590319528794214
41,0.11828943754387036
42,0.12067567979979858
43,0.12340281380657368
44,0.1257890560625019
45,0.12817529831843014
46,0.13056154057435834
47,0.13328867458113347
48,0.13567491683706168
49,0.1380611590929899
50,0.140788293099765
51,0.14317453535569322
52,0.14590166936246834
53,0.14828791161839655
54,0.15067415387432478
55,0.15340128788109988
56,0.15578753013702812
57,0.15817377239295632
58,0.16056001464888456
59,0.16328714865565966
60,0.16567339091158786
61,0.1680596331675161
62,0.1707867671742912
63,0.17317300943021943
64,0.17590014343699453
65,0.17828638569292277
66,0.18067262794885097
67,0.1830588702047792
68,0.1854451124607074
69,0.18783135471663565
70,0.19021759697256385
71,0.19260383922849209
72,0.1949900814844203
73,0.19737632374034852
74,0.19942167424542986
75,0.20180791650135807
76,0.2041941587572863
77,0.2065804010132145
78,0.20896664326914274
79,0.21135288552507095
80,0.21373912778099918
81,0.2161253700369274
82,0.21851161229285562
83,0.22089785454878383
84,0.22328409680471206
85,0.22567033906064027
86,0.2277156895657216
87,0.23010193182164984
88,0.23248817407757805
89,0.23487441633350628
90,0.2372606585894345
91,0.23964690084536272
92,0.24203314310129093
93,0.24441938535721916
94,0.24680562761314737
95,0.2488509781182287
96,0.2512372203741569
97,0.2536234626300852
98,0.2560097048860134
99,0.2583959471419416
100,0.2607821893978698
101,0.26316843165379805
102,0.26555467390972626
103,0.26794091616565446
104,0.27032715842158267
105,0.27271340067751093
106,0.27509964293343914
107,0.27748588518936734
108,0.27987212744529555
109,0.2822583697012238
110,0.284644611957152
111,0.2870308542130802
112,0.2890762047181616
113,0.2918033387249367
114,0.293848689230018
115,0.2962349314859462
116,0.29862117374187447
117,0.3010074159978027
118,0.3033936582537309
119,0.3057799005096591
120,0.30816614276558735
121,0.31055238502151555
122,0.31293862727744376
123,0.31532486953337197
124,0.31737022003845333
125,0.31975646229438154
126,0.32214270455030974
127,0.324528946806238
128,0.3269151890621662
129,0.3296423230689413
130,0.3320285653248695
131,0.3344148075807978
132,0.336801049836726
133,0.3395281838435011
134,0.3419144260994293
135,0.3443006683553575
136,0.34668691061128576
137,0.34907315286721396
138,0.35180028687398907
139,0.35418652912991727
140,0.35657277138584553
141,0.35895901364177374
142,0.36134525589770194
143,0.36407238990447705
144,0.3664586321604053
145,0.3688448744163335
146,0.3712311166722617
147,0.3739582506790368
148,0.3763444929349651
149,0.3787307351908933
150,0.3814578691976684
151,0.3838441114535966
152,0.38623035370952485
153,0.38861659596545306
154,0.39134372997222816
155,0.39372997222815637
156,0.3961162144840846
157,0.39884334849085973
158,0.40122959074678793
159,0.40361583300271614
160,0.40634296700949124
161,0.4087292092654195
162,0.4111154515213477
163,0.4135016937772759
164,0.416228827784051
165,0.4186150700399792
166,0.4210013122959075
167,0.4237284463026826
168,0.4261146885586108
169,0.428500930814539
170,0.43088717307046726
171,0.43361430707724236
172,0.43600054933317056
173,0.43838679158909877
174,0.44077303384502703
175,0.44315927610095524
176,0.44588641010773034
177,0.44827265236365854
178,0.4506588946195868
179,0.4533860286263619
180,0.4557722708822901
181,0.4581585131382183
182,0.4605447553941466
183,0.4632718894009217
184,0.4656581316568499
185,0.4680443739127781
186,0.4704306161687063
187,0.47315775017548145
188,0.47554399243140966
189,0.47793023468733786
190,0.48031647694326607
191,0.4830436109500412
192,0.48542985320596943
193,0.48781609546189764
194,0.49054322946867274
195,0.4925885799737541
196,0.4949748222296823
197,0.4973610644856105
198,0.4997473067415387
199,0.50179265724662
200,0.5041788995025483
201,0.5065651417584766
202,0.5089513840144048
203,0.511337626270333
204,0.5137238685262612
205,0.5161101107821894
206,0.5181554612872707
207,0.520541703543199
208,0.5229279457991272
209,0.5253141880550554
210,0.5277004303109836
211,0.5300866725669118
212,0.5324729148228401
213,0.5345182653279213
214,0.5369045075838496
215,0.5392907498397779
216,0.5416769920957061
217,0.5440632343516343
218,0.5464494766075625
219,0.5488357188634907
220,0.5512219611194189
221,0.5536082033753471
222,0.5559944456312753
223,0.5580397961363567
224,0.5604260383922849
225,0.5628122806482131
226,0.5651985229041414
227,0.5675847651600696
228,0.5699710074159978
229,0.572357249671926
230,0.5744026001770074
231,0.5767888424329356
232,0.5795159764397106
233,0.5819022186956389
234,0.5839475692007202
235,0.5863338114566484
236,0.5887200537125766
237,0.591106295968505
238,0.5934925382244332
239,0.5958787804803614
240,0.5982650227362896
241,0.6006512649922178
242,0.603037507248146
243,0.6050828577532273
244,0.6074691000091555
245,0.6098553422650838
246,0.612241584521012
247,0.6146278267769402
248,0.6170140690328685
249,0.6194003112887967
250,0.6217865535447249
251,0.6238319040498062
252,0.6262181463057345
253,0.6286043885616627
254,0.6309906308175909
255,0.6333768730735191
256,0.6357631153294473
257,0.6381493575853755
258,0.6408764915921507
259,0.6432627338480789
260,0.6456489761040071
261,0.6480352183599353
262,0.6507623523667104
263,0.6531485946226386
264,0.6555348368785668
265,0.658261970885342
266,0.6606482131412702
267,0.6630344553971984
268,0.6654206976531266
269,0.6681478316599018
270,0.67053407391583
271,0.6729203161717582
272,0.6756474501785332
273,0.6780336924344615
274,0.6804199346903897
275,0.682806176946318
276,0.685533310953093
277,0.6879195532090213
278,0.6903057954649495
279,0.6926920377208777
280,0.6954191717276528
281,0.6978054139835811
282,0.7005325479903561
283,0.7029187902462843
284,0.7053050325022125
285,0.7080321665089877
286,0.7104184087649159
287,0.7128046510208441
288,0.7151908932767723
289,0.7179180272835475
290,0.7203042695394757
291,0.7226905117954039
292,0.7250767540513321
293,0.7278038880581073
294,0.7301901303140355
295,0.7325763725699637
296,0.7353035065767388
297,0.737689748832667
298,0.7400759910885952
299,0.7428031250953704
300,0.7451893673512986
301,0.7475756096072268
302,0.749961851863155
303,0.7523480941190832
304,0.7550752281258584
305,0.7574614703817866
306,0.7598477126377148
307,0.7625748466444899
308,0.7649610889004181
309,0.7673473311563463
310,0.7700744651631214
311,0.7724607074190497
312,0.7748469496749779
313,0.777574083681753
314,0.7799603259376812
315,0.7823465681936094
316,0.7847328104495377
317,0.7874599444563127
318,0.7898461867122409
319,0.7922324289681691
320,0.7949595629749443
321,0.7973458052308725
322,0.7997320474868007
323,0.8021182897427289
324,0.8045045319986572
325,0.8065498825037385
326,0.8089361247596667
327,0.8113223670155949
328,0.8137086092715232
329,0.8160948515274514
330,0.8184810937833796
331,0.820526444288461
332,0.8229126865443892
333,0.8252989288003174
334,0.8276851710562456
335,0.8300714133121738
336,0.832457655568102
337,0.8348438978240302
338,0.8368892483291116
339,0.8392754905850398
340,0.841661732840968
341,0.8440479750968962
342,0.8464342173528245
343,0.8488204596087527
344,0.850865810113834
345,0.8532520523697623
346,0.8556382946256905
347,0.8580245368816187
348,0.8604107791375469
349,0.8627970213934751
350,0.8648423718985565
351,0.8672286141544847
352,0.8696148564104129
353,0.8720010986663411
354,0.8743873409222693
355,0.8767735831781975
356,0.8791598254341257
357,0.8815460676900541
358,0.8839323099459823
359,0.8863185522019105
360,0.8887047944578387
361,0.8910910367137669
362,0.8931363872188482
363,0.8955226294747765
364,0.8979088717307047
365,0.9002951139866329
366,0.9026813562425611
367,0.9050675984984893
368,0.9074538407544176
369,0.9098400830103458
370,0.912226325266274
371,0.9142716757713554
372,0.9166579180272836
373,0.9190441602832118
374,0.92143040253914
375,0.9238166447950682
376,0.9262028870509964
377,0.9285891293069246
378,0.9309753715628528
379,0.9333616138187811
380,0.9354069643238624
381,0.9377932065797906
382,0.9401794488357189
383,0.9425656910916471
384,0.9449519333475753
385,0.9473381756035035
386,0.9500653096102787
387,0.9524515518662069
388,0.9548377941221351
389,0.9572240363780633
390,0.9599511703848385
391,0.9623374126407667
392,0.9647236548966949
393,0.9674507889034699
394,0.9698370311593981
395,0.9722232734153264
396,0.9746095156712546
397,0.9769957579271829
398,0.9797228919339579
399,0.9821091341898862
400,0.9844953764458144
401,0.9872225104525895
402,0.9896087527085177
403,0.991994994964446
404,0.994722128971221
405,0.9971083712271492
406,0.9994946134830774
407,1.0018808557390058
408,1.004607989745781
409,1.0069942320017091
410,1.0093804742576373
411,1.0121076082644123
412,1.0144938505203407
413,1.016880092776269
414,1.019266335032197
415,1.021993469038972
416,1.0243797112949005
417,1.0267659535508287
418,1.0294930875576036
419,1.0318793298135318
420,1.0342655720694602
421,1.0369927060762352
422,1.0393789483321634
423,1.0417651905880916
424,1.0441514328440198
425,1.046878566850795
426,1.0492648091067232
427,1.0516510513626514
428,1.0540372936185796
429,1.056423535874508
430,1.059150669881283
431,1.0615369121372111
432,1.0639231543931393
433,1.0666502883999145
434,1.0690365306558427
435,1.071422772911771
436,1.074149906918546
437,1.0765361491744743
438,1.0789223914304025
439,1.0813086336863307
440,1.0840357676931058
441,1.086422009949034
442,1.0888082522049622
443,1.0915353862117374
444,1.0939216284676656
445,1.0963078707235938
446,1.098694112979522
447,1.1014212469862972
448,1.1041483809930723
449,1.1065346232490005
450,1.1089208655049287
451,1.111307107760857
452,1.1136933500167852
453,1.1160795922727134
454,1.1184658345286416
455,1.1208520767845698
456,1.123238319040498
457,1.1259654530472731
458,1.1283516953032013
459,1.1307379375591295
460,1.1331241798150578
461,1.135510422070986
462,1.1378966643269142
463,1.1402829065828426
464,1.1426691488387708
465,1.1453962828455457
466,1.147782525101474
467,1.1501687673574024
468,1.1525550096133306
469,1.1549412518692588
470,1.157327494125187
471,1.1597137363811152
472,1.1620999786370434
473,1.1644862208929716
474,1.1668724631488998
475,1.169599597155675
476,1.1719858394116032
477,1.1743720816675314
478,1.1767583239234596
479,1.1791445661793878
480,1.181530808435316
481,1.1839170506912442
482,1.1863032929471724
483,1.1886895352031006
484,1.1914166692098758
485,1.193802911465804
486,1.1961891537217322
487,1.1985753959776604
488,1.2009616382335886
489,1.2033478804895168
490,1.206075014496292
491,1.2081203650013734
492,1.2108474990081484
493,1.2132337412640766
494,1.2156199835200048
495,1.2180062257759332
496,1.2203924680318614
497,1.2231196020386363
498,1.2255058442945646
499,1.227892086550493
500,1.2302783288064212
501,1.2326645710623494
502,1.2350508133182776
503,1.2374370555742058
504,1.239823297830134
505,1.2422095400860622
506,1.2445957823419904
507,1.2473229163487656
508,1.2497091586046938
509,1.252095400860622
510,1.2544816431165502
511,1.2568678853724784
512,1.2595950193792536
513,1.2619812616351818
514,1.26436750389111
515,1.2667537461470382
516,1.2694808801538133
517,1.2718671224097415
518,1.2745942564165167
519,1.276980498672445
520,1.27970763267922
521,1.2820938749351483
522,1.2844801171910765
523,1.2868663594470047
524,1.2895934934537798
525,1.291979735709708
526,1.294706869716483
527,1.2970931119724112
528,1.2998202459791863
529,1.3022064882351145
530,1.3049336222418897
531,1.307319864497818
532,1.309706106753746
533,1.3120923490096743
534,1.3148194830164495
535,1.3172057252723777
536,1.3199328592791528
537,1.322319101535081
538,1.3250462355418562
539,1.3274324777977844
540,1.3301596118045595
541,1.3325458540604878
542,1.334932096316416
543,1.3376592303231911
544,1.3400454725791193
545,1.3427726065858943
546,1.3451588488418225
547,1.347545091097751
548,1.3502722251045258
549,1.352658467360454
550,1.3550447096163822
551,1.3577718436231574
552,1.3601580858790856
553,1.3628852198858608
554,1.365271462141789
555,1.3676577043977172
556,1.3700439466536454
557,1.3727710806604205
558,1.3751573229163487
559,1.377543565172277
560,1.380270699179052
561,1.3826569414349803
562,1.3853840754417555
563,1.3877703176976837
564,1.3904974517044588
565,1.392883693960387
566,1.3952699362163152
567,1.3979970702230904
568,1.4003833124790186
569,1.4031104464857935
570,1.405496688741722
571,1.4078829309976502
572,1.410610065004425
573,1.4129963072603533
574,1.4157234412671285
575,1.4181096835230567
576,1.4208368175298318
577,1.42322305978576
578,1.4256093020416882
579,1.4279955442976164
580,1.4303817865535446
581,1.4327680288094728
582,1.435154271065401
583,1.4371996215704825
584,1.4395858638264107
585,1.441972106082339
586,1.4443583483382672
587,1.4467445905941954
588,1.4491308328501236
589,1.4515170751060518
590,1.45390331736198
591,1.4559486678670615
592,1.4586758018738364
593,1.4610620441297646
594,1.463107394634846
595,1.4654936368907743
596,1.4678798791467025
597,1.4702661214026307
598,1.472652363658559
599,1.475038605914487
600,1.4774248481704153
601,1.4794701986754968
602,1.4821973326822717
603,1.4845835749382
604,1.4869698171941281
605,1.4890151676992096
606,1.4914014099551378
607,1.493787652211066
608,1.4961738944669942
609,1.4985601367229224
610,1.5009463789788506
611,1.5033326212347788
612,1.505718863490707
613,1.5081051057466353
614,1.5104913480025635
615,1.5128775902584917
616,1.51526383251442
617,1.5176500747703483
618,1.5200363170262765
619,1.5224225592822047
620,1.524467909787286
621,1.5268541520432142
622,1.5292403942991424
623,1.5316266365550706
624,1.5340128788109988
625,1.536399121066927
626,1.5387853633228552
627,1.5411716055787836
628,1.5435578478347118
629,1.54594409009064
630,1.5483303323465682
631,1.5507165746024965
632,1.5527619251075777
633,1.555148167363506
634,1.5575344096194341
635,1.5599206518753623
636,1.5623068941312905
637,1.5646931363872187
638,1.5670793786431472
639,1.5694656208990754
640,1.5718518631550036
641,1.5745789971617785
642,1.576965239417707
643,1.5793514816736351
644,1.5817377239295634
645,1.5844648579363383
646,1.5868511001922667
647,1.589237342448195
648,1.5919644764549699
649,1.594350718710898
650,1.5967369609668263
651,1.5991232032227547
652,1.6018503372295296
653,1.6042365794854578
654,1.606622821741386
655,1.6090090639973145
656,1.6117361980040894
657,1.6141224402600176
658,1.6165086825159458
659,1.619235816522721
660,1.6216220587786492
661,1.6240083010345774
662,1.6267354350413525
663,1.6291216772972807
664,1.631507919553209
665,1.634235053559984
666,1.6366212958159123
667,1.6393484298226875
668,1.6417346720786157
669,1.6444618060853908
670,1.646848048341319
671,1.6492342905972472
672,1.6519614246040224
673,1.6543476668599506
674,1.6567339091158788
675,1.659461043122654
676,1.6618472853785822
677,1.6642335276345104
678,1.6666197698904386
679,1.6693469038972137
680,1.671733146153142
681,1.6741193884090702
682,1.6768465224158453
683,1.6792327646717735
684,1.6816190069277017
685,1.68400524918363
686,1.686732383190405
687,1.6891186254463333
688,1.6915048677022615
689,1.6942320017090364
690,1.6966182439649649
691,1.699004486220893
692,1.701731620227668
693,1.7041178624835962
694,1.7065041047395246
695,1.7092312387462996
696,1.7116174810022278
697,1.714003723258156
698,1.7167308572649311
699,1.7191170995208593
700,1.7215033417767875
701,1.7242304757835627
702,1.726616718039491
703,1.7290029602954191
704,1.7317300943021943
705,1.7341163365581225
706,1.7365025788140507
707,1.7388888210699789
708,1.741275063325907
709,1.7436613055818353
710,1.7460475478377635
711,1.748433790093692
712,1.7504791405987732
713,1.7528653828547014
714,1.7552516251106296
715,1.7576378673665578
716,1.760024109622486
717,1.7620694601275673
718,1.7644557023834957
719,1.766841944639424
720,1.769228186895352
721,1.7716144291512803
722,1.7740006714072085
723,1.7763869136631367
724,1.778432264168218
725,1.7808185064241462
726,1.7832047486800744
727,1.7855909909360026
728,1.7879772331919308
729,1.7903634754478592
730,1.7927497177037874
731,1.7951359599597156
732,1.7975222022156438
733,1.799908444471572
734,1.8019537949766533
735,1.8046809289834285
736,1.8067262794885097
737,1.809112521744438
738,1.8114987640003661
739,1.8138850062562943
740,1.8162712485122228
741,1.818657490768151
742,1.8210437330240792
743,1.8234299752800074
744,1.8254753257850886
745,1.8282024597918638
746,1.830588702047792
747,1.8329749443037202
748,1.8353611865596484
749,1.8377474288155766
750,1.8397927793206579
751,1.8421790215765863
752,1.8445652638325145
753,1.8469515060884427
754,1.849337748344371
755,1.8517239906002991
756,1.8541102328562273
757,1.8564964751121555
758,1.8588827173680837
759,1.860928067873165
760,1.8633143101290932
761,1.8657005523850214
762,1.8680867946409498
763,1.870473036896878
764,1.8728592791528063
765,1.8752455214087345
766,1.8776317636646627
767,1.879677114169744
768,1.882404248176519
769,1.8847904904324473
770,1.8871767326883755
771,1.8895629749443037
772,1.8922901089510789
773,1.894676351207007
774,1.8970625934629353
775,1.8994488357188635
776,1.9021759697256386
777,1.9045622119815668
778,1.906948454237495
779,1.9093346964934232
780,1.9117209387493515
781,1.9141071810052797
782,1.9164934232612079
783,1.918879665517136
784,1.9216067995239112
785,1.9239930417798394
786,1.9267201757866146
787,1.9291064180425428
788,1.931492660298471
789,1.9338789025543992
790,1.9362651448103274
791,1.9389922788171026
792,1.9413785210730308
793,1.943764763328959
794,1.9464918973357341
795,1.9488781395916623
796,1.9512643818475905
797,1.9536506241035188
798,1.956377758110294
799,1.9587640003662221
800,1.9611502426221503
801,1.9635364848780785
802,1.9662636188848537
803,1.9686498611407819
804,1.97103610339671
805,1.9734223456526383
806,1.9758085879085665
807,1.9785357219153417
808,1.9809219641712699
809,1.983308206427198
810,1.9856944486831263
811,1.9880806909390545
812,1.9908078249458296
813,1.9931940672017578
814,1.995580309457686
815,1.9983074434644612
816,2.0003527939695425
817,2.0030799279763176
818,2.005466170232246
819,2.007852412488174
820,2.0102386547441022
821,2.0129657887508774
822,2.0153520310068056
823,2.017738273262734
824,2.020465407269509
825,2.02251075777459
826,2.0252378917813654
827,2.0276241340372936
828,2.030010376293222
829,2.03239661854915
830,2.035123752555925
831,2.0375099948118534
832,2.0402371288186285
833,2.0426233710745567
834,2.045009613330485
835,2.047395855586413
836,2.0494412060914944
837,2.0518274483474226
838,2.054213690603351
839,2.056259041108432
840,2.058986175115207
841,2.061031525620289
842,2.063417767876217
843,2.0658040101321453
844,2.0681902523880735
845,2.0705764946440017
846,2.072621845149083
847,2.075008087405011
848,2.0777352214117863
849,2.0801214636677146
850,2.082166814172796
851,2.084553056428724
852,2.086939298684652
853,2.0893255409405804
854,2.0913708914456617
855,2.09375713370159
856,2.096143375957518
857,2.0985296182134463
858,2.1009158604693745
859,2.1033021027253027
860,2.105688344981231
861,2.108074587237159
862,2.110119937742241
863,2.112506179998169
864,2.1148924222540972
865,2.1172786645100254
866,2.1196649067659536
867,2.122051149021882
868,2.12443739127781
869,2.1268236335337383
870,2.1292098757896665
871,2.1312552262947477
872,2.133982360301523
873,2.136368602557451
874,2.1384139530625323
875,2.1408001953184606
876,2.1431864375743888
877,2.145572679830317
878,2.147958922086245
879,2.1503451643421734
880,2.1527314065981016
881,2.15511764885403
882,2.157503891109958
883,2.1595492416150397
884,2.161935483870968
885,2.164321726126896
886,2.1667079683828243
887,2.1690942106387525
888,2.1714804528946807
889,2.173866695150609
890,2.17591204565569
891,2.1782982879116184
892,2.1806845301675466
893,2.183070772423475
894,2.185457014679403
895,2.187843256935331
896,2.1902294991912594
897,2.1926157414471876
898,2.195001983703116
899,2.197729117709891
900,2.200115359965819
901,2.2025016022217474
902,2.2052287362285226
903,2.2076149784844508
904,2.210342112491226
905,2.212728354747154
906,2.2151145970030823
907,2.2178417310098575
908,2.2202279732657857
909,2.222614215521714
910,2.225341349528489
911,2.2277275917844173
912,2.2301138340403455
913,2.2328409680471206
914,2.235227210303049
915,2.237613452558977
916,2.240340586565752
917,2.2427268288216804
918,2.2454539628284556
919,2.2478402050843838
920,2.250567339091159
921,2.252953581347087
922,2.2553398236030153
923,2.2580669576097905
924,2.2607940916165656
925,2.263180333872494
926,2.265566576128422
927,2.2679528183843503
928,2.2706799523911254
929,2.2730661946470536
930,2.275452436902982
931,2.278179570909757
932,2.2809067049165317
933,2.28329294717246
934,2.285679189428388
935,2.2884063234351633
936,2.2907925656910915
937,2.2931788079470197
938,2.295905941953795
939,2.298292184209723
940,2.3006784264656512
941,2.3034055604724264
942,2.3057918027283546
943,2.308178044984283
944,2.310905178991058
945,2.313291421246986
946,2.3160185552537613
947,2.3184047975096895
948,2.3211319315164647
949,2.323518173772393
950,2.325904416028321
951,2.3286315500350963
952,2.3310177922910245
953,2.3337449262977996
954,2.336131168553728
955,2.338858302560503
956,2.341244544816431
957,2.3436307870723594
958,2.3460170293282876
959,2.3487441633350628
960,2.351471297341838
961,2.353857539597766
962,2.3565846736045413
963,2.3589709158604695
964,2.3613571581163977
965,2.363743400372326
966,2.366129642628254
967,2.3685158848841823
968,2.3712430188909575
969,2.3736292611468857
970,2.376015503402814
971,2.378401745658742
972,2.3807879879146703
973,2.3831742301705985
974,2.3859013641773736
975,2.388287606433302
976,2.39067384868923
977,2.3930600909451583
978,2.3957872249519334
979,2.3981734672078616
980,2.40055970946379
981,2.402945951719718
982,2.405673085726493
983,2.4080593279824214
984,2.4104455702383496
985,2.412831812494278
986,2.415218054750206
987,2.417945188756981
988,2.4203314310129094
989,2.4227176732688376
990,2.425103915524766
991,2.427490157780694
992,2.429876400036622
993,2.4326035340433974
994,2.4349897762993256
995,2.4373760185552538
996,2.439762260811182
997,2.442489394817957
998,2.4448756370738853
999,2.4472618793298135
1000,2.4499890133365887
1001,2.452375255592517
1002,2.454761497848445
1003,2.4571477401043733
1004,2.4595339823603015
1005,2.4622611163670767
1006,2.464647358623005
1007,2.467033600878933
1008,2.4694198431348613
1009,2.4721469771416364
1010,2.4745332193975647
1011,2.476919461653493
1012,2.479305703909421
1013,2.482032837916196
1014,2.4844190801721244
1015,2.4868053224280526
1016,2.489191564683981
1017,2.491577806939909
1018,2.4939640491958373
1019,2.4966911832026124
1020,2.4990774254585406
1021,2.501463667714469
1022,2.503849909970397
1023,2.506577043977172
1024,2.5089632862331004
1025,2.5116904202398755
1026,2.5140766624958037
1027,2.516462904751732
1028,2.519190038758507
1029,2.5215762810144353
1030,2.5239625232703635
1031,2.5263487655262917
1032,2.529075899533067
1033,2.531462141788995
1034,2.5338483840449233
1035,2.5362346263008515
1036,2.5389617603076267
1037,2.541348002563555
1038,2.543734244819483
1039,2.5461204870754113
1040,2.5488476210821864
1041,2.5512338633381146
1042,2.553620105594043
1043,2.556006347849971
1044,2.558733481856746
1045,2.5611197241126744
1046,2.5635059663686026
1047,2.565892208624531
1048,2.568619342631306
1049,2.571346476638081
1050,2.5737327188940093
1051,2.5761189611499375
1052,2.5785052034058658
1053,2.581232337412641
1054,2.583618579668569
1055,2.5863457136753443
1056,2.5887319559312725
1057,2.5914590899380476
1058,2.593845332193976
1059,2.596231574449904
1060,2.5986178167058323
1061,2.6013449507126074
1062,2.6037311929685356
1063,2.606117435224464
1064,2.6088445692312385
1065,2.611230811487167
1066,2.6136170537430954
1067,2.6160032959990236
1068,2.6187304300057983
1069,2.62077578051088
1070,2.623502914517655
1071,2.6258891567735834
1072,2.628616290780358
1073,2.6310025330362863
1074,2.633388775292215
1075,2.6361159092989896
1076,2.638502151554918
1077,2.640888393810846
1078,2.6432746360667747
1079,2.6460017700735494
1080,2.6483880123294776
1081,2.651115146336253
1082,2.6531604968413345
1083,2.655887630848109
1084,2.6582738731040374
1085,2.6610010071108126
1086,2.6633872493667408
1087,2.665773491622669
1088,2.668500625629444
1089,2.6708868678853723
1090,2.6732731101413005
1091,2.6756593523972287
1092,2.6777047029023104
1093,2.6800909451582386
1094,2.682477187414167
1095,2.684863429670095
1096,2.6872496719260233
1097,2.6896359141819515
1098,2.6916812646870327
1099,2.694067506942961
1100,2.696453749198889
1101,2.6988399914548173
1102,2.7012262337107456
1103,2.703271584215827
1104,2.705657826471755
1105,2.708044068727683
1106,2.7104303109836114
1107,2.7128165532395396
1108,2.7148619037446213
1109,2.7172481460005495
1110,2.7196343882564777
1111,2.721679738761559
1112,2.724065981017487
1113,2.7264522232734154
1114,2.7288384655293436
1115,2.731224707785272
1116,2.7336109500412
1117,2.7356563005462813
1118,2.7380425428022095
1119,2.7404287850581377
1120,2.742815027314066
1121,2.744860377819147
1122,2.7472466200750754
1123,2.7496328623310036
1124,2.7520191045869318
1125,2.75440534684286
1126,2.7567915890987886
1127,2.759177831354717
1128,2.761564073610645
1129,2.7639503158665732
1130,2.7659956663716545
1131,2.7683819086275827
1132,2.770768150883511
1133,2.773154393139439
1134,2.7751997436445204
1135,2.7775859859004486
1136,2.779972228156377
1137,2.782358470412305
1138,2.784744712668233
1139,2.7871309549241614
1140,2.7891763054292427
1141,2.791562547685171
1142,2.793948789941099
1143,2.7963350321970273
1144,2.798721274452956
1145,2.800766624958037
1146,2.8031528672139654
1147,2.8055391094698936
1148,2.807584459974975
1149,2.809970702230903
1150,2.8123569444868313
1151,2.8147431867427595
1152,2.8171294289986877
1153,2.819515671254616
1154,2.821901913510544
1155,2.8246290475173192
1156,2.8266743980224005
1157,2.8294015320291757
1158,2.831787774285104
1159,2.834174016541032
1160,2.8365602587969603
1161,2.8392873928037354
1162,2.8413327433088167
1163,2.844059877315592
1164,2.84644611957152
1165,2.8488323618274483
1166,2.8512186040833765
1167,2.8539457380901516
1168,2.85633198034608
1169,2.858718222602008
1170,2.8611044648579362
1171,2.8634907071138644
1172,2.8662178411206396
1173,2.868604083376568
1174,2.870990325632496
1175,2.873376567888424
1176,2.8761037018951994
1177,2.8784899441511276
1178,2.880876186407056
1179,2.883262428662984
1180,2.885989562669759
1181,2.8883758049256874
1182,2.8907620471816156
1183,2.8931482894375438
1184,2.895534531693472
1185,2.898261665700247
1186,2.9003070162053284
1187,2.9030341502121035
1188,2.9054203924680317
1189,2.90780663472396
1190,2.910192876979888
1191,2.9129200109866633
1192,2.9153062532425915
1193,2.9176924954985197
1194,2.920419629505295
1195,2.922805871761223
1196,2.9251921140171513
1197,2.9275783562730795
1198,2.9299645985290077
1199,2.932350840784936
1200,2.935077974791711
1201,2.9374642170476393
1202,2.9398504593035675
1203,2.9422367015594957
1204,2.944963835566271
1205,2.947350077822199
1206,2.9497363200781272
1207,2.9521225623340555
1208,2.9548496963408306
1209,2.957235938596759
1210,2.959622180852687
1211,2.9620084231086152
1212,2.9647355571153904
1213,2.9671217993713186
1214,2.969508041627247
1215,2.972235175634022
1216,2.97462141788995
1217,2.9770076601458784
1218,2.9793939024018066
1219,2.9817801446577348
1220,2.984166386913663
1221,2.9862117374187447
1222,2.988597979674673
1223,2.990984221930601
1224,2.9933704641865293
1225,2.9957567064424575
1226,2.9981429486983857
1227,3.000529190954314
1228,3.002915433210242
1229,3.0053016754661703
1230,3.0076879177220985
1231,3.0100741599780267
1232,3.012460402233955
1233,3.014846644489883
1234,3.0172328867458114
1235,3.0196191290017396
1236,3.021664479506821
1237,3.024050721762749
1238,3.0264369640186772
1239,3.0288232062746054
1240,3.0312094485305336
1241,3.033595690786462
1242,3.03598193304239
1243,3.0383681752983183
1244,3.0407544175542465
1245,3.0431406598101747
1246,3.045526902066103
1247,3.0479131443220315
1248,3.0502993865779597
1249,3.052685628833888
1250,3.055071871089816
1251,3.0571172215948974
1252,3.0598443556016726
1253,3.0622305978576008
1254,3.064616840113529
1255,3.067003082369457
1256,3.0693893246253854
1257,3.0717755668813136
1258,3.074161809137242
1259,3.07654805139317
1260,3.078934293649098
1261,3.0813205359050264
1262,3.0837067781609546
1263,3.086093020416883
1264,3.088479262672811
1265,3.0908655049287392
1266,3.0932517471846674
1267,3.0956379894405956
1268,3.098024231696524
1269,3.100069582201605
1270,3.1027967162083803
1271,3.1048420667134615
1272,3.1072283089693897
1273,3.109614551225318
1274,3.1120007934812466
1275,3.114387035737175
1276,3.116773277993103
1277,3.1195004119998777
1278,3.1218866542558064
1279,3.1242728965117346
1280,3.1266591387676628
1281,3.129045381023591
1282,3.131431623279519
1283,3.1338178655354474
1284,3.1362041077913756
1285,3.138590350047304
1286,3.141317484054079
1287,3.143703726310007
1288,3.1460899685659354
1289,3.1484762108218636
1290,3.150862453077792
1291,3.15324869533372
1292,3.155975829340495
1293,3.1583620715964233
1294,3.1607483138523516
1295,3.1631345561082798
1296,3.165520798364208
1297,3.168247932370983
1298,3.1706341746269113
1299,3.1730204168828395
1300,3.1754066591387677
1301,3.177792901394696
1302,3.180179143650624
1303,3.1825653859065524
1304,3.1852925199133275
1305,3.1876787621692557
1306,3.190065004425184
1307,3.192792138431959
1308,3.1951783806878873
1309,3.1975646229438155
1310,3.1999508651997437
1311,3.202677999206519
1312,3.205064241462447
1313,3.2074504837183753
1314,3.2098367259743035
1315,3.2125638599810786
1316,3.214950102237007
1317,3.217336344492935
1318,3.2197225867488632
1319,3.2224497207556384
1320,3.2248359630115666
1321,3.227222205267495
1322,3.229608447523423
1323,3.2319946897793512
1324,3.2347218237861264
1325,3.2371080660420546
1326,3.239494308297983
1327,3.241880550553911
1328,3.244266792809839
1329,3.2466530350657674
1330,3.2493801690725426
1331,3.2517664113284708
1332,3.254152653584399
1333,3.256538895840327
1334,3.2589251380962554
1335,3.2616522721030305
1336,3.2640385143589588
1337,3.266765648365734
1338,3.269151890621662
1339,3.2715381328775903
1340,3.2739243751335185
1341,3.2766515091402937
1342,3.279037751396222
1343,3.28142399365215
1344,3.2841511276589253
1345,3.2865373699148535
1346,3.2889236121707817
1347,3.290968962675863
1348,3.293355204931791
1349,3.2957414471877193
1350,3.2977867976928006
1351,3.300173039948729
1352,3.302559282204657
1353,3.304945524460585
1354,3.3069908749656665
1355,3.309377117221595
1356,3.3117633594775233
1357,3.3141496017334515
1358,3.3165358439893797
1359,3.318581194494461
1360,3.320967436750389
1361,3.3233536790063174
1362,3.3257399212622456
1363,3.328126163518174
1364,3.330512405774102
1365,3.3325577562791833
1366,3.3349439985351115
1367,3.3373302407910397
1368,3.339375591296121
1369,3.342102725302896
1370,3.3441480758079773
1371,3.3465343180639056
1372,3.3489205603198338
1373,3.3513068025757624
1374,3.3536930448316906
1375,3.355738395336772
1376,3.3581246375927
1377,3.3605108798486283
1378,3.3628971221045565
1379,3.3652833643604847
1380,3.367669606616413
1381,3.370055848872341
1382,3.3721011993774224
1383,3.3744874416333506
1384,3.3768736838892788
1385,3.379259926145207
1386,3.381646168401135
1387,3.3840324106570634
1388,3.3864186529129916
1389,3.38880489516892
1390,3.390850245674001
1391,3.3932364879299297
1392,3.395622730185858
1393,3.398008972441786
1394,3.4003952146977143
1395,3.4027814569536425
1396,3.4051676992095707
1397,3.407553941465499
1398,3.409940183721427
1399,3.4119855342265084
1400,3.4143717764824366
1401,3.416758018738365
1402,3.419144260994293
1403,3.4215305032502212
1404,3.4239167455061494
1405,3.4263029877620776
1406,3.428689230018006
1407,3.431075472273934
1408,3.4334617145298623
1409,3.4358479567857905
1410,3.4382341990417187
1411,3.440620441297647
1412,3.443006683553575
1413,3.4453929258095033
1414,3.4481200598162784
1415,3.4505063020722067
1416,3.452892544328135
1417,3.455278786584063
1418,3.4580059205908382
1419,3.4603921628467664
1420,3.4627784051026946
1421,3.465164647358623
1422,3.467550889614551
1423,3.4699371318704793
1424,3.4726642658772544
1425,3.4750505081331826
1426,3.477436750389111
1427,3.479822992645039
1428,3.482550126651814
1429,3.4849363689077424
1430,3.4873226111636706
1431,3.489708853419599
1432,3.492435987426374
1433,3.494822229682302
1434,3.4972084719382304
1435,3.4995947141941586
1436,3.5023218482009337
1437,3.504708090456862
1438,3.50709433271279
1439,3.5094805749687183
1440,3.5122077089754935
1441,3.5145939512314217
1442,3.51698019348735
1443,3.519366435743278
1444,3.5220935697500533
1445,3.5244798120059815
1446,3.5268660542619097
1447,3.529252296517838
1448,3.531638538773766
1449,3.5343656727805413
1450,3.5367519150364695
1451,3.5394790490432446
1452,3.541865291299173
1453,3.544251533555101
1454,3.5466377758110292
1455,3.5490240180669574
1456,3.5517511520737326
1457,3.554137394329661
1458,3.556523636585589
1459,3.559250770592364
1460,3.5616370128482924
1461,3.5640232551042206
1462,3.5667503891109957
1463,3.569136631366924
1464,3.571522873622852
1465,3.5742500076296273
1466,3.5766362498855555
1467,3.5790224921414837
1468,3.581749626148259
1469,3.584135868404187
1470,3.5868630024109622
1471,3.5892492446668904
1472,3.5919763786736656
1473,3.594362620929594
1474,3.596748863185522
1475,3.59913510544145
1476,3.6015213476973784
1477,3.6035666982024597
1478,3.606293832209235
1479,3.608339182714316
1480,3.6107254249702443
1481,3.6131116672261725
1482,3.6154979094821007
1483,3.617884151738029
1484,3.620270393993957
1485,3.6226566362498858
1486,3.625042878505814
1487,3.627429120761742
1488,3.6298153630176704
1489,3.6322016052735986
1490,3.634587847529527
1491,3.636974089785455
1492,3.639360332041383
1493,3.6417465742973114
1494,3.6441328165532396
1495,3.646519058809168
1496,3.648905301065096
1497,3.6512915433210242
1498,3.6536777855769524
1499,3.6560640278328806
1500,3.658450270088809
1501,3.660836512344737
1502,3.6632227546006653
1503,3.6656089968565935
1504,3.6679952391125217
1505,3.67038148136845
1506,3.672767723624378
1507,3.6751539658803063
1508,3.6778810998870815
1509,3.6802673421430097
1510,3.682653584398938
1511,3.685039826654866
1512,3.6874260689107943
1513,3.6898123111667225
1514,3.6921985534226507
1515,3.694584795678579
1516,3.696971037934507
1517,3.6993572801904353
1518,3.7020844141972105
1519,3.7044706564531387
1520,3.706856898709067
1521,3.709243140964995
1522,3.7116293832209233
1523,3.7140156254768515
1524,3.71640186773278
1525,3.7187881099887083
1526,3.721515243995483
1527,3.7235605945005648
1528,3.72628772850734
1529,3.728673970763268
1530,3.7310602130191963
1531,3.7334464552751245
1532,3.7358326975310527
1533,3.738218939786981
1534,3.740605182042909
1535,3.7429914242988374
1536,3.7457185583056125
1537,3.7481048005615407
1538,3.750491042817469
1539,3.752877285073397
1540,3.7552635273293253
1541,3.7576497695852535
1542,3.7600360118411817
1543,3.76242225409711
1544,3.764808496353038
1545,3.7671947386089664
1546,3.7695809808648946
1547,3.7723081148716697
1548,3.774694357127598
1549,3.776739707632679
1550,3.7794668416394543
1551,3.7818530838953826
1552,3.7842393261513108
1553,3.786625568407239
1554,3.789011810663167
1555,3.7913980529190954
1556,3.7937842951750236
1557,3.7965114291817987
1558,3.798897671437727
1559,3.801283913693655
1560,3.8036701559495834
1561,3.8060563982055116
1562,3.8084426404614398
1563,3.810828882717368
1564,3.813215124973296
1565,3.8156013672292244
1566,3.8179876094851526
1567,3.8207147434919277
1568,3.823100985747856
1569,3.825487228003784
1570,3.8278734702597124
1571,3.8302597125156406
1572,3.8326459547715688
1573,3.835032197027497
1574,3.837418439283425
1575,3.8401455732902003
1576,3.8425318155461285
1577,3.8449180578020568
1578,3.847304300057985
1579,3.849690542313913
1580,3.852076784569842
1581,3.85446302682577
1582,3.8568492690816982
1583,3.8592355113376264
1584,3.8619626453444016
1585,3.86434888760033
1586,3.866735129856258
1587,3.869121372112186
1588,3.8715076143681144
1589,3.8738938566240426
1590,3.8766209906308178
1591,3.879007232886746
1592,3.881393475142674
1593,3.8837797173986024
1594,3.8865068514053775
1595,3.8888930936613058
1596,3.891279335917234
1597,3.893665578173162
1598,3.8960518204290904
1599,3.8987789544358655
1600,3.9011651966917937
1601,3.903551438947722
1602,3.905596789452803
1603,3.9079830317087314
1604,3.9103692739646596
1605,3.912755516220588
1606,3.914800866725669
1607,3.9171871089815973
1608,3.9195733512375255
1609,3.9216187017426067
1610,3.924004943998535
1611,3.926391186254463
1612,3.9287774285103914
1613,3.930822779015473
1614,3.9332090212714013
1615,3.9355952635273295
1616,3.9376406140324107
1617,3.940026856288339
1618,3.942413098544267
1619,3.9447993408001953
1620,3.9468446913052766
1621,3.949230933561205
1622,3.951276284066286
1623,3.9536625263222143
1624,3.9560487685781425
1625,3.9584350108340707
1626,3.960821253089999
1627,3.9628666035950806
1628,3.965252845851009
1629,3.967639088106937
1630,3.9696844386120183
1631,3.9720706808679465
1632,3.9744569231238747
1633,3.976843165379803
1634,3.978888515884884
1635,3.9812747581408123
1636,3.9836610003967405
1637,3.9860472426526687
1638,3.988433484908597
1639,3.990819727164525
1640,3.9932059694204534
1641,3.9952513199255346
1642,3.9976375621814633
1643,4.000023804437391
1644,4.00241004669332
1645,4.004796288949247
1646,4.006841639454329
1647,4.009227881710257
1648,4.0116141239661856
1649,4.014000366222113
1650,4.016386608478042
1651,4.01877285073397
1652,4.020818201239051
1653,4.02320444349498
1654,4.025590685750908
1655,4.0276360362559895
1656,4.030022278511917
1657,4.032408520767846
1658,4.034453871272927
1659,4.037181005279702
1660,4.03956724753563
1661,4.041612598040712
1662,4.04399884029664
1663,4.046385082552568
1664,4.048771324808496
1665,4.051157567064425
1666,4.053543809320352
1667,4.055930051576281
1668,4.058316293832209
1669,4.0607025360881375
1670,4.063088778344065
1671,4.065815912350841
1672,4.0685430463576155
1673,4.070929288613544
1674,4.073315530869472
1675,4.075701773125401
1676,4.078088015381328
1677,4.080474257637257
1678,4.082860499893185
1679,4.085246742149113
1680,4.087632984405042
1681,4.090360118411817
1682,4.0927463606677446
1683,4.095132602923673
1684,4.097518845179602
1685,4.100245979186377
1686,4.102632221442304
1687,4.105018463698233
1688,4.107404705954162
1689,4.109790948210089
1690,4.112518082216864
1691,4.114904324472793
1692,4.117290566728721
1693,4.119676808984649
1694,4.122063051240578
1695,4.1247901852473525
1696,4.127176427503281
1697,4.129562669759209
1698,4.131948912015138
1699,4.134676046021912
1700,4.137062288277841
1701,4.139448530533769
1702,4.141834772789697
1703,4.144561906796472
1704,4.1469481490524
1705,4.1493343913083285
1706,4.151720633564257
1707,4.154447767571032
1708,4.15683400982696
1709,4.159220252082888
1710,4.161606494338817
1711,4.164333628345592
1712,4.166719870601519
1713,4.169447004608295
1714,4.171833246864223
1715,4.174219489120151
1716,4.176605731376079
1717,4.179332865382855
1718,4.1820599993896295
1719,4.184446241645558
1720,4.186832483901486
1721,4.1895596179082615
1722,4.191945860164189
1723,4.194332102420118
1724,4.197059236426893
1725,4.199445478682821
1726,4.202172612689596
1727,4.204558854945525
1728,4.207285988952299
1729,4.209331339457381
1730,4.211717581713309
1731,4.214103823969237
1732,4.216149174474318
1733,4.218535416730247
1734,4.2209216589861756
1735,4.222967009491256
1736,4.225012359996338
1737,4.227398602252266
1738,4.2297848445081945
1739,4.231830195013275
1740,4.234216437269204
1741,4.236261787774285
1742,4.238648030030213
1743,4.241034272286141
1744,4.243079622791223
1745,4.2454658650471515
1746,4.247852107303079
1747,4.249897457808161
1748,4.252283700064089
1749,4.25432905056917
1750,4.256715292825098
1751,4.259101535081027
1752,4.261146885586108
1753,4.263533127842036
1754,4.265919370097964
1755,4.267964720603046
1756,4.2703509628589735
1757,4.272737205114902
1758,4.275123447370831
1759,4.277168797875912
1760,4.27955504013184
1761,4.281941282387768
1762,4.28398663289285
1763,4.2863728751487775
1764,4.288759117404706
1765,4.291145359660634
1766,4.293531601916563
1767,4.29591784417249
1768,4.298304086428419
1769,4.3003494369335
1770,4.3027356791894285
1771,4.305121921445356
1772,4.307508163701285
1773,4.309894405957213
1774,4.311939756462294
1775,4.314325998718223
1776,4.316712240974151
1777,4.319098483230079
1778,4.321484725486007
1779,4.323530075991089
1780,4.325916318247017
1781,4.328302560502945
1782,4.330688802758873
1783,4.333075045014802
1784,4.3351203955198825
1785,4.337847529526658
1786,4.339892880031739
1787,4.3422791222876675
1788,4.344665364543595
1789,4.347051606799524
1790,4.349437849055452
1791,4.35182409131138
1792,4.354210333567308
1793,4.356596575823237
1794,4.3586419263283185
1795,4.361028168584246
1796,4.363414410840175
1797,4.365800653096103
1798,4.368186895352031
1799,4.370232245857112
1800,4.372618488113041
1801,4.3750047303689685
1802,4.377390972624897
1803,4.379777214880825
1804,4.382163457136754
1805,4.384549699392681
1806,4.38693594164861
1807,4.389322183904538
1808,4.391708426160466
1809,4.394094668416394
1810,4.396480910672323
1811,4.398867152928251
1812,4.401253395184179
1813,4.403980529190954
1814,4.406025879696036
1815,4.408412121951964
1816,4.410798364207892
1817,4.413525498214667
1818,4.415911740470595
1819,4.418297982726524
1820,4.420684224982452
1821,4.4230704672383805
1822,4.425456709494308
1823,4.427842951750237
1824,4.430229194006165
1825,4.432615436262093
1826,4.435001678518021
1827,4.43738792077395
1828,4.4397741630298775
1829,4.442160405285806
1830,4.444546647541734
1831,4.4469328897976625
1832,4.44931913205359
1833,4.452046266060366
1834,4.454432508316294
1835,4.456818750572222
1836,4.45920499282815
1837,4.461591235084079
1838,4.4639774773400065
1839,4.466363719595935
1840,4.468749961851863
1841,4.471136204107792
1842,4.473863338114566
1843,4.476249580370495
1844,4.478635822626423
1845,4.481022064882351
1846,4.483408307138279
1847,4.485794549394208
1848,4.4881807916501355
1849,4.490567033906064
1850,4.493294167912839
1851,4.4956804101687675
1852,4.498066652424695
1853,4.500452894680624
1854,4.503180028687399
1855,4.505566270943327
1856,4.508293404950102
1857,4.510338755455184
1858,4.5127249977111115
1859,4.514770348216193
1860,4.517156590472121
1861,4.519201940977203
1862,4.521588183233131
1863,4.523633533738212
1864,4.526019775994141
1865,4.5284060182500685
1866,4.53045136875515
1867,4.532837611011078
1868,4.535223853267007
1869,4.537269203772087
1870,4.539655446028016
1871,4.542041688283944
1872,4.5444279305398725
1873,4.546473281044954
1874,4.548859523300882
1875,4.551245765556811
1876,4.553632007812738
1877,4.55567735831782
1878,4.558063600573748
1879,4.5601089510788295
1880,4.562495193334757
1881,4.564881435590686
1882,4.567267677846614
1883,4.569313028351695
1884,4.571699270607623
1885,4.573744621112705
1886,4.5761308633686335
1887,4.578517105624561
1888,4.58090334788049
1889,4.583289590136418
1890,4.585675832392346
1891,4.587721182897427
1892,4.590107425153356
1893,4.5924936674092836
1894,4.594879909665212
1895,4.59726615192114
1896,4.599311502426222
1897,4.601697744682149
1898,4.604083986938078
1899,4.606129337443159
1900,4.6085155796990875
1901,4.610901821955015
1902,4.613288064210944
1903,4.615333414716026
1904,4.617719656971953
1905,4.620105899227882
1906,4.622151249732963
1907,4.6245374919888915
1908,4.626582842493972
1909,4.628969084749901
1910,4.631355327005829
1911,4.6334006775109104
1912,4.635786919766838
1913,4.638173162022767
1914,4.640218512527849
1915,4.642604754783776
1916,4.644990997039705
1917,4.647377239295633
1918,4.649763481551561
1919,4.651808832056642
1920,4.654535966063418
1921,4.656581316568499
1922,4.659308450575274
1923,4.661694692831202
1924,4.664080935087131
1925,4.666467177343058
1926,4.668853419598987
1927,4.671239661854915
1928,4.673625904110843
1929,4.676353038117618
1930,4.678739280373547
1931,4.681125522629475
1932,4.683511764885403
1933,4.685898007141331
1934,4.68828424939726
1935,4.691011383404034
1936,4.693397625659963
1937,4.695783867915891
1938,4.698511001922666
1939,4.700556352427747
1940,4.703283486434523
1941,4.7056697286904505
1942,4.708396862697226
1943,4.710442213202307
1944,4.712828455458236
1945,4.71555558946501
1946,4.717941831720939
1947,4.720328073976867
1948,4.723055207983642
1949,4.72544145023957
1950,4.727827692495499
1951,4.7302139347514265
1952,4.732941068758202
1953,4.73532731101413
1954,4.7377135532700585
1955,4.740099795525986
1956,4.742486037781915
1957,4.74521317178869
1958,4.747599414044618
1959,4.749985656300546
1960,4.752371898556475
1961,4.7547581408124024
1962,4.757144383068331
1963,4.759530625324259
1964,4.7619168675801875
1965,4.764644001586962
1966,4.767030243842891
1967,4.769416486098819
1968,4.771802728354747
1969,4.774529862361522
1970,4.776916104617451
1971,4.779302346873378
1972,4.781688589129307
1973,4.784074831385235
1974,4.7864610736411635
1975,4.789188207647938
1976,4.791574449903867
1977,4.793960692159795
1978,4.796346934415723
1979,4.798733176671651
1980,4.801460310678427
1981,4.803846552934354
1982,4.80657368694113
1983,4.808959929197058
1984,4.811346171452986
1985,4.813732413708914
1986,4.81645954771569
1987,4.8188457899716175
1988,4.820891140476699
1989,4.823618274483474
1990,4.826004516739403
1991,4.82839075899533
1992,4.830777001251259
1993,4.833163243507187
1994,4.835549485763115
1995,4.837935728019043
1996,4.840321970274972
1997,4.8427082125309
1998,4.845094454786828
1999,4.847480697042757
2000,4.850207831049532
2001,4.852594073305459
2002,4.854980315561388
2003,4.857366557817317
2004,4.859752800073244
2005,4.862139042329173
2006,4.864525284585101
2007,4.8669115268410295
2008,4.869297769096957
2009,4.871684011352886
2010,4.874070253608814
2011,4.876456495864742
2012,4.87884273812067
2013,4.881228980376599
2014,4.8836152226325265
2015,4.886001464888455
2016,4.888387707144383
2017,4.8911148411511585
2018,4.893160191656239
2019,4.895546433912168
2020,4.898273567918943
2021,4.900659810174871
2022,4.903046052430799
2023,4.905432294686728
2024,4.9078185369426555
2025,4.910545670949431
2026,4.912591021454512
2027,4.9153181554612875
2028,4.917704397717215
2029,4.919749748222297
2030,4.922476882229072
2031,4.924863124485
2032,4.927249366740928
2033,4.929635608996857
2034,4.9320218512527845
2035,4.934408093508713
2036,4.936794335764641
2037,4.9391805780205695
2038,4.941566820276497
2039,4.943953062532426
2040,4.946339304788354
2041,4.949066438795129
2042,4.951452681051057
2043,4.953838923306986
2044,4.9562251655629135
2045,4.958611407818842
2046,4.960997650074771
2047,4.9633838923306985
2048,4.965770134586627
2049,4.968156376842555
2050,4.970542619098484
2051,4.973269753105258
2052,4.975655995361187
2053,4.978383129367962
2054,4.980769371623889
2055,4.983155613879818
2056,4.985882747886593
2057,4.9882689901425215
2058,4.990655232398449
2059,4.993041474654378
2060,4.995768608661153
2061,4.998154850917081
2062,5.000541093173009
2063,5.002927335428938
2064,5.005654469435712
2065,5.008040711691641
2066,5.010426953947569
2067,5.012813196203497
2068,5.015540330210272
2069,5.017926572466201
2070,5.0203128147221285
2071,5.023039948728904
2072,5.025426190984832
2073,5.0278124332407605
2074,5.030539567247535
2075,5.032925809503464
2076,5.035652943510239
2077,5.038039185766167
2078,5.040425428022095
2079,5.042811670278024
2080,5.045538804284798
2081,5.047925046540727
2082,5.050311288796655
2083,5.05303842280343
2084,5.055424665059358
2085,5.057810907315287
2086,5.0605380413220615
2087,5.06292428357799
2088,5.065310525833918
2089,5.0680376598406935
2090,5.070423902096621
2091,5.07281014435255
2092,5.075196386608478
2093,5.077923520615253
2094,5.080309762871181
2095,5.08269600512711
2096,5.0850822473830375
2097,5.087809381389813
2098,5.090195623645741
2099,5.0925818659016695
2100,5.095308999908444
2101,5.09803613391522
2102,5.100422376171148
2103,5.102467726676229
2104,5.105535752433851
2105,5.10792199468978
2106,5.110308236945707
2107,5.112694479201636
2108,5.115080721457564
2109,5.117807855464339
2110,5.120194097720267
2111,5.122580339976196
2112,5.1253074739829705
2113,5.127693716238899
2114,5.130079958494827
2115,5.1324662007507555
2116,5.134511551255836
2117,5.137238685262612
2118,5.139284035767693
2119,5.141670278023621
2120,5.144056520279549
2121,5.146442762535478
2122,5.148829004791406
2123,5.150874355296487
2124,5.153260597552416
2125,5.155646839808344
2126,5.158033082064272
2127,5.160078432569353
2128,5.162464674825282
2129,5.1651918088320565
2130,5.167237159337138
2131,5.169623401593066
2132,5.172009643848995
2133,5.1740549943540755
2134,5.176441236610004
2135,5.178486587115085
2136,5.180872829371014
2137,5.183599963377788
2138,5.185986205633717
2139,5.188031556138798
2140,5.190076906643879
2141,5.192804040650655
2142,5.194849391155736
2143,5.1972356334116645
2144,5.199621875667592
2145,5.202008117923521
2146,5.204394360179449
2147,5.206780602435377
2148,5.209166844691305
2149,5.211212195196387
2150,5.2135984374523145
2151,5.215984679708243
2152,5.218370921964171
2153,5.2207571642201
2154,5.223143406476027
2155,5.225529648731956
2156,5.227915890987884
2157,5.230302133243812
2158,5.232347483748894
2159,5.234733726004822
2160,5.2371199682607505
2161,5.239506210516678
2162,5.241892452772607
2163,5.244278695028535
2164,5.246664937284463
2165,5.249051179540391
2166,5.25143742179632
2167,5.253482772301401
2168,5.255869014557329
2169,5.258255256813257
2170,5.260641499069186
2171,5.263027741325113
2172,5.265413983581042
2173,5.26780022583697
2174,5.2701864680928985
2175,5.272572710348826
2176,5.274958952604755
2177,5.277345194860683
2178,5.279731437116611
2179,5.282117679372539
2180,5.284844813379315
2181,5.287231055635242
2182,5.289617297891171
2183,5.292003540147099
2184,5.2943897824030275
2185,5.297116916409802
2186,5.299503158665731
2187,5.301889400921659
2188,5.30393475142674
2189,5.306661885433515
2190,5.309048127689444
2191,5.311775261696218
2192,5.314161503952147
2193,5.316547746208075
2194,5.31927488021485
2195,5.321320230719931
2196,5.32370647297586
2197,5.3260927152317885
2198,5.328819849238563
2199,5.331206091494491
2200,5.333933225501267
2201,5.336319467757194
2202,5.338705710013123
2203,5.341091952269051
2204,5.343478194524979
2205,5.346205328531754
2206,5.348591570787683
2207,5.3509778130436105
2208,5.353364055299539
2209,5.355750297555467
2210,5.3584774315622425
2211,5.36086367381817
2212,5.363249916074099
2213,5.365636158330027
2214,5.368363292336802
2215,5.37074953459273
2216,5.373476668599506
2217,5.375862910855433
2218,5.378249153111362
2219,5.38063539536729
2220,5.3830216376232185
2221,5.385407879879146
2222,5.388135013885922
2223,5.39052125614185
2224,5.392907498397778
2225,5.395634632404553
2226,5.398020874660482
2227,5.400748008667256
2228,5.403134250923185
2229,5.405520493179113
2230,5.407906735435041
2231,5.410633869441816
2232,5.413020111697745
2233,5.4157472457045195
2234,5.418133487960448
2235,5.420860621967223
2236,5.4232468642231515
2237,5.425633106479079
2238,5.428360240485855
2239,5.43108737449263
2240,5.433473616748558
2241,5.435859859004486
2242,5.438246101260415
2243,5.4402914517654954
2244,5.442677694021424
2245,5.445063936277352
2246,5.4474501785332805
2247,5.449495529038361
2248,5.45188177129429
2249,5.454268013550219
2250,5.456654255806146
2251,5.458699606311228
2252,5.461085848567156
2253,5.4634720908230845
2254,5.465858333079012
2255,5.468244575334941
2256,5.470630817590869
2257,5.47267616809595
2258,5.475062410351878
2259,5.477448652607807
2260,5.479494003112888
2261,5.481880245368816
2262,5.484266487624744
2263,5.486652729880673
2264,5.4890389721366
2265,5.491084322641682
2266,5.493470564897611
2267,5.4961976989043855
2268,5.498243049409467
2269,5.500629291665395
2270,5.503015533921324
2271,5.505401776177251
2272,5.50778801843318
2273,5.509833368938261
2274,5.5122196111941895
2275,5.514605853450117
2276,5.516992095706046
2277,5.519378337961974
2278,5.521764580217902
2279,5.52415082247383
2280,5.526537064729759
2281,5.5289233069856865
2282,5.531309549241615
2283,5.533695791497543
2284,5.535741142002625
2285,5.538468276009399
2286,5.540513626514481
2287,5.54289986877041
2288,5.545286111026337
2289,5.547672353282266
2290,5.550058595538194
2291,5.5524448377941225
2292,5.55483108005005
2293,5.557217322305979
2294,5.559944456312754
2295,5.561989806817835
2296,5.564376049073763
2297,5.566762291329692
2298,5.5691485335856195
2299,5.571534775841548
2300,5.574261909848323
2301,5.5763072603534045
2302,5.579034394360179
2303,5.581079744865261
2304,5.583806878872036
2305,5.586193121127964
2306,5.588579363383892
2307,5.590965605639821
2308,5.5933518478957485
2309,5.595738090151677
2310,5.598124332407605
2311,5.6005105746635335
2312,5.602896816919461
2313,5.60528305917539
2314,5.607669301431318
2315,5.610055543687246
2316,5.612441785943174
2317,5.614828028199103
2318,5.617214270455031
2319,5.619941404461806
2320,5.622327646717734
2321,5.6247138889736625
2322,5.627100131229591
2323,5.629486373485519
2324,5.632213507492294
2325,5.634599749748222
2326,5.63698599200415
2327,5.639372234260079
2328,5.641758476516007
2329,5.644144718771935
2330,5.64687185277871
2331,5.6492580950346385
2332,5.651644337290567
2333,5.654371471297342
2334,5.65675771355327
2335,5.659143955809198
2336,5.661530198065127
2337,5.664257332071902
2338,5.666643574327829
2339,5.669029816583758
2340,5.671416058839687
2341,5.6738023010956145
2342,5.676188543351543
2343,5.678915677358318
2344,5.6813019196142465
2345,5.683688161870174
2346,5.686074404126103
2347,5.688460646382031
2348,5.691187780388806
2349,5.693574022644734
2350,5.695960264900663
2351,5.698687398907437
2352,5.701073641163366
2353,5.703459883419294
2354,5.705846125675222
2355,5.70823236793115
2356,5.710959501937926
2357,5.7133457441938535
2358,5.715731986449782
2359,5.71811822870571
2360,5.720845362712486
2361,5.723231604968413
2362,5.725617847224342
2363,5.72800408948027
2364,5.7307312234870444
2365,5.73345835749382
2366,5.735844599749748
2367,5.7382308420056765
2368,5.740957976012451
2369,5.74334421826838
2370,5.7453895687734615
2371,5.747775811029389
2372,5.750162053285318
2373,5.752207403790399
2374,5.754593646046327
2375,5.756638996551408
2376,5.759025238807337
2377,5.761411481063265
2378,5.763456831568346
2379,5.765843073824274
2380,5.767888424329356
2381,5.7702746665852835
2382,5.772660908841212
2383,5.774706259346294
2384,5.777092501602222
2385,5.77947874385815
2386,5.781524094363231
2387,5.784251228370007
2388,5.7862965788750875
2389,5.788682821131016
2390,5.791069063386944
2391,5.793114413892026
2392,5.7951597643971064
2393,5.797546006653035
2394,5.799932248908963
2395,5.8023184911648915
2396,5.804363841669973
2397,5.807090975676748
2398,5.80913632618183
2399,5.81118167668691
2400,5.813908810693686
2401,5.815954161198767
2402,5.8183404034546955
2403,5.820726645710623
2404,5.822771996215705
2405,5.825158238471633
2406,5.827544480727561
2407,5.829930722983489
2408,5.832316965239418
2409,5.8347032074953455
2410,5.836748558000427
2411,5.839134800256356
2412,5.841521042512284
2413,5.843907284768212
2414,5.845952635273293
2415,5.848338877529222
2416,5.8507251197851495
2417,5.853111362041078
2418,5.855497604297006
2419,5.857542954802088
2420,5.860270088808862
2421,5.862315439313944
2422,5.864701681569872
2423,5.8667470320749535
2424,5.869133274330881
2425,5.87151951658681
2426,5.873905758842738
2427,5.876292001098666
2428,5.878337351603748
2429,5.881064485610523
2430,5.883450727866451
2431,5.885496078371532
2432,5.888223212378308
2433,5.890268562883389
2434,5.892995696890164
2435,5.895041047395245
2436,5.897768181402021
2437,5.900154423657948
2438,5.902540665913877
2439,5.904926908169805
2440,5.9073131504257335
2441,5.909699392681661
2442,5.91208563493759
2443,5.914812768944365
2444,5.917199011200293
2445,5.919244361705374
2446,5.92197149571215
2447,5.9240168462172305
2448,5.926743980224006
2449,5.929130222479934
2450,5.9315164647358625
2451,5.933561815240943
2452,5.936288949247719
2453,5.939016083254494
2454,5.941061433759575
2455,5.94378856776635
2456,5.946174810022279
2457,5.948561052278206
2458,5.951288186284982
2459,5.953333536790063
2460,5.9557197790459915
2461,5.958446913052766
2462,5.960492263557848
2463,5.963219397564623
2464,5.965605639820551
2465,5.967991882076479
2466,5.970378124332408
2467,5.973105258339182
2468,5.975491500595111
2469,5.977877742851039
2470,5.980263985106967
2471,5.982991119113742
2472,5.985377361369671
2473,5.987763603625599
2474,5.990149845881527
2475,5.992536088137455
2476,5.994922330393384
2477,5.997308572649311
2478,6.000035706656087
2479,6.002421948912015
2480,6.004808191167943
2481,6.007194433423871
2482,6.0095806756798
2483,6.0123078096865745
2484,6.014694051942503
2485,6.016739402447585
2486,6.01946653645436
2487,6.021852778710287
2488,6.024239020966216
2489,6.026625263222145
2490,6.029011505478072
2491,6.031738639484847
2492,6.034124881740776
2493,6.036511123996704
2494,6.038897366252632
2495,6.041624500259407
2496,6.0440107425153355
2497,6.046396984771264
2498,6.048783227027192
2499,6.051169469283121
2500,6.053555711539048
2501,6.055941953794977
2502,6.057987304300058
2503,6.0603735465559865
2504,6.062759788811914
2505,6.065146031067843
2506,6.067532273323771
2507,6.070259407330546
2508,6.072304757835627
2509,6.075031891842403
2510,6.07741813409833
2511,6.079463484603412
2512,6.082190618610187
2513,6.0845768608661155
2514,6.086963103122043
2515,6.089349345377972
2516,6.091394695883053
2517,6.094121829889828
2518,6.096167180394909
2519,6.098894314401685
2520,6.1009396649067655
2521,6.103325907162694
2522,6.106053041169469
2523,6.1084392834253975
2524,6.110825525681325
2525,6.112870876186407
2526,6.115598010193182
2527,6.11798425244911
2528,6.120370494705039
2529,6.122756736960967
2530,6.125142979216895
2531,6.127529221472823
2532,6.129574571977905
2533,6.13230170598468
2534,6.134687948240608
2535,6.137074190496536
2536,6.139460432752465
2537,6.141846675008392
2538,6.144573809015168
2539,6.146960051271096
2540,6.149346293527024
2541,6.151732535782952
2542,6.154118778038881
2543,6.156845912045656
2544,6.158891262550737
2545,6.161277504806665
2546,6.163663747062594
2547,6.166049989318521
2548,6.16843623157445
2549,6.171163365581225
2550,6.1732087160863065
2551,6.175935850093081
2552,6.17832209234901
2553,6.180367442854091
2554,6.182753685110019
2555,6.185480819116794
2556,6.187867061372723
2557,6.1902533036286504
2558,6.192639545884579
2559,6.195025788140507
2560,6.1974120303964355
2561,6.199798272652363
2562,6.202184514908292
2563,6.204911648915067
2564,6.207297891170995
2565,6.209684133426923
2566,6.212411267433699
2567,6.214797509689626
2568,6.217183751945555
2569,6.219569994201483
2570,6.2219562364574115
2571,6.224683370464186
2572,6.227069612720115
2573,6.229455854976043
2574,6.231842097231971
2575,6.234569231238746
2576,6.236955473494675
2577,6.239341715750602
2578,6.242068849757378
2579,6.244455092013306
2580,6.246841334269234
2581,6.249227576525162
2582,6.251954710531938
2583,6.2543409527878655
2584,6.257068086794641
2585,6.259454329050569
2586,6.2618405713064975
2587,6.264226813562425
2588,6.266613055818354
2589,6.269340189825129
2590,6.271726432081057
2591,6.274112674336985
2592,6.276498916592914
2593,6.2788851588488415
2594,6.28127140110477
2595,6.283998535111545
2596,6.2863847773674735
2597,6.288771019623401
2598,6.291498153630177
2599,6.293884395886105
2600,6.296270638142033
2601,6.298997772148808
2602,6.301384014404737
2603,6.303770256660664
2604,6.306156498916593
2605,6.308542741172521
2606,6.311269875179296
2607,6.313656117435224
2608,6.316042359691153
2609,6.3187694936979275
2610,6.321155735953856
2611,6.323882869960631
2612,6.3262691122165595
2613,6.328996246223334
2614,6.331382488479263
2615,6.333768730735191
2616,6.336154972991119
2617,6.338541215247047
2618,6.341268349253823
2619,6.34365459150975
2620,6.346040833765679
2621,6.348427076021607
2622,6.3508133182775355
2623,6.353199560533463
2624,6.355585802789392
2625,6.358312936796167
2626,6.360699179052095
2627,6.363085421308023
2628,6.365471663563952
2629,6.367857905819879
2630,6.370244148075808
2631,6.372630390331736
2632,6.3746757408368175
2633,6.377061983092745
2634,6.379448225348674
2635,6.381493575853756
2636,6.383879818109683
2637,6.386266060365612
2638,6.38865230262154
2639,6.3910385448774685
2640,6.393424787133396
2641,6.395811029389325
2642,6.398197271645253
2643,6.400242622150334
2644,6.402628864406262
2645,6.405015106662191
2646,6.407060457167272
2647,6.409787591174047
2648,6.411832941679128
2649,6.414219183935057
2650,6.416605426190984
2651,6.418991668446913
2652,6.421377910702842
2653,6.4234232612079225
2654,6.425809503463851
2655,6.428195745719779
2656,6.430581987975708
2657,6.432968230231635
2658,6.435354472487564
2659,6.437740714743492
2660,6.44012695699942
2661,6.442172307504501
2662,6.44455854976043
2663,6.446944792016358
2664,6.449331034272286
2665,6.451717276528214
2666,6.454103518784143
2667,6.45648976104007
2668,6.458876003295999
2669,6.461262245551927
2670,6.4636484878078555
2671,6.465693838312937
2672,6.468080080568865
2673,6.470466322824794
2674,6.472852565080721
2675,6.47523880733665
2676,6.477625049592578
2677,6.4796704000976595
2678,6.482397534104434
2679,6.484442884609516
2680,6.486829126865444
2681,6.489215369121372
2682,6.4916016113773
2683,6.493987853633229
2684,6.4960332041383095
2685,6.498419446394238
2686,6.500805688650166
2687,6.502851039155248
2688,6.505237281411176
2689,6.507623523667104
2690,6.510009765923033
2691,6.512736899929807
2692,6.515123142185736
2693,6.517509384441664
2694,6.5202365184484385
2695,6.522622760704367
2696,6.525009002960296
2697,6.527395245216224
2698,6.529781487472152
2699,6.532508621478927
2700,6.534553971984009
2701,6.536940214239936
2702,6.539326456495865
2703,6.54205359050264
2704,6.544780724509415
2705,6.547166966765343
2706,6.549212317270425
2707,6.551598559526353
2708,6.554325693533128
2709,6.556711935789056
2710,6.558757286294138
2711,6.561143528550065
2712,6.563529770805994
2713,6.566256904812769
2714,6.5686431470686975
2715,6.571029389324625
2716,6.573415631580554
2717,6.576142765587329
2718,6.578529007843257
2719,6.580915250099185
2720,6.583301492355114
2721,6.585687734611041
2722,6.58807397686697
2723,6.590460219122898
2724,6.593187353129673
2725,6.595232703634754
2726,6.597618945890683
2727,6.600346079897458
2728,6.602732322153386
2729,6.605118564409314
2730,6.60784569841609
2731,6.60989104892117
2732,6.612618182927946
2733,6.615004425183874
2734,6.617390667439802
2735,6.61977690969573
2736,6.622163151951659
2737,6.6248902859584335
2738,6.627276528214362
2739,6.62966277047029
2740,6.632049012726219
2741,6.634435254982146
2742,6.637162388988922
2743,6.63954863124485
2744,6.641934873500778
2745,6.644321115756706
2746,6.646707358012635
2747,6.6490936002685626
2748,6.651479842524491
2749,6.653866084780419
2750,6.656252327036348
2751,6.658638569292275
2752,6.661024811548204
2753,6.663411053804132
2754,6.666138187810907
2755,6.668183538315988
2756,6.670910672322764
2757,6.673296914578692
2758,6.67568315683462
2759,6.678069399090548
2760,6.68011474959563
2761,6.682500991851558
2762,6.684887234107486
2763,6.686932584612568
2764,6.6893188268684955
2765,6.691705069124424
2766,6.694091311380352
2767,6.696477553636281
2768,6.698863795892208
2769,6.701250038148137
2770,6.703295388653218
2771,6.7056816309091465
2772,6.708067873165074
2773,6.710113223670156
2774,6.712840357676931
2775,6.715226599932859
2776,6.717271950437941
2777,6.719658192693869
2778,6.722044434949797
2779,6.724430677205725
2780,6.726816919461654
2781,6.729203161717582
2782,6.73158940397351
2783,6.733975646229438
2784,6.73602099673452
2785,6.7384072389904475
2786,6.740793481246376
2787,6.742838831751457
2788,6.745225074007386
2789,6.747611316263313
2790,6.749997558519242
2791,6.752042909024323
2792,6.754770043031098
2793,6.75681539353618
2794,6.759542527542955
2795,6.761928769798883
2796,6.764315012054811
2797,6.76670125431074
2798,6.769087496566668
2799,6.771814630573442
2800,6.773859981078524
2801,6.7765871150853
2802,6.778973357341227
2803,6.781018707846309
2804,6.783404950102237
2805,6.7857911923581655
2806,6.787836542863246
2807,6.790222785119175
2808,6.792609027375103
2809,6.794995269631031
2810,6.797381511886959
2811,6.799767754142888
2812,6.802153996398816
2813,6.804540238654744
2814,6.806926480910672
2815,6.808971831415754
2816,6.8113580736716814
2817,6.81374431592761
2818,6.816130558183539
2819,6.8188576921903135
2820,6.821243934446241
2821,6.82363017670217
2822,6.826357310708945
2823,6.828402661214026
2824,6.831129795220801
2825,6.833175145725883
2826,6.835561387981811
2827,6.837947630237739
2828,6.840674764244515
2829,6.8430610065004425
2830,6.845447248756371
2831,6.847833491012299
2832,6.8502197332682275
2833,6.852605975524155
2834,6.855333109530931
2835,6.857378460036012
2836,6.85976470229194
2837,6.862491836298715
2838,6.864878078554644
2839,6.8672643208105715
2840,6.869991454817347
2841,6.872377697073275
2842,6.8747639393292035
2843,6.877150181585131
2844,6.87953642384106
2845,6.882263557847835
2846,6.884649800103763
2847,6.887036042359691
2848,6.88942228461562
2849,6.891808526871547
2850,6.894194769127476
2851,6.896921903134251
2852,6.8993081453901794
2853,6.901694387646107
2854,6.904080629902036
2855,6.906807763908811
2856,6.908853114413892
2857,6.911580248420667
2858,6.913966490676596
2859,6.916352732932523
2860,6.919079866939299
2861,6.921466109195227
2862,6.923852351451155
2863,6.926238593707083
2864,6.928624835963012
2865,6.93101107821894
2866,6.933738212225715
2867,6.936124454481643
2868,6.9388515884884185
2869,6.940896938993499
2870,6.943624073000275
2871,6.946010315256203
2872,6.948396557512131
2873,6.950782799768059
2874,6.953169042023988
2875,6.9555552842799155
2876,6.958282418286691
2877,6.960668660542619
2878,6.9630549027985476
2879,6.965441145054475
2880,6.968168279061251
2881,6.970554521317179
2882,6.97259987182226
2883,6.975327005829035
2884,6.977372356334117
2885,6.979417706839198
2886,6.981803949095126
2887,6.984190191351054
2888,6.986235541856136
2889,6.988621784112064
2890,6.991008026367992
2891,6.993394268623921
2892,6.9957805108798485
2893,6.99782586138493
2894,7.000212103640858
2895,7.00225745414594
2896,7.0046436964018675
2897,7.007029938657796
2898,7.009075289162877
2899,7.011461531418806
2900,7.013506881923887
2901,7.015893124179815
2902,7.017938474684897
2903,7.0206656086916714
2904,7.022710959196753
2905,7.025097201452681
2906,7.02748344370861
2907,7.02952879421369
2908,7.031915036469619
2909,7.0339603869747
2910,7.0363466292306285
2911,7.038732871486556
2912,7.040778221991638
2913,7.043164464247566
2914,7.045550706503494
2915,7.047936948759423
2916,7.050323191015351
2917,7.0523685415204325
2918,7.05475478377636
2919,7.057141026032289
2920,7.059527268288217
2921,7.061913510544145
2922,7.064299752800073
2923,7.066345103305155
2924,7.0687313455610825
2925,7.071117587817011
2926,7.073162938322092
2927,7.075549180578021
2928,7.077935422833948
2929,7.080321665089877
2930,7.082707907345805
2931,7.0850941496017334
2932,7.087139500106815
2933,7.089525742362743
2934,7.091911984618672
2935,7.094298226874599
2936,7.096343577379681
2937,7.098729819635609
2938,7.101116061891537
2939,7.103502304147465
2940,7.105547654652547
2941,7.108274788659322
2942,7.110320139164403
2943,7.112706381420331
2944,7.114751731925413
2945,7.117137974181341
2946,7.119865108188116
2947,7.122592242194891
2948,7.1249784844508195
2949,7.127364726706747
2950,7.130091860713523
2951,7.132478102969451
2952,7.135205236976226
2953,7.137591479232154
2954,7.139636829737236
2955,7.14236396374401
2956,7.145091097750786
2957,7.147136448255867
2958,7.149863582262642
2959,7.15224982451857
2960,7.154636066774499
2961,7.1573632007812735
2962,7.159749443037202
2963,7.16213568529313
2964,7.164521927549059
2965,7.166908169804986
2966,7.169635303811762
2967,7.172362437818537
2968,7.174748680074465
2969,7.177134922330393
2970,7.179521164586322
2971,7.182248298593096
2972,7.184634540849025
2973,7.1873616748558
2974,7.1897479171117284
2975,7.192475051118503
2976,7.194861293374432
2977,7.19724753563036
2978,7.199974669637135
2979,7.202360911893063
2980,7.204747154148992
2981,7.207474288155766
2982,7.209860530411695
2983,7.212246772667623
2984,7.214973906674398
2985,7.217360148930326
2986,7.220087282937102
2987,7.222473525193029
2988,7.224859767448958
2989,7.227246009704886
2990,7.229973143711661
2991,7.232359385967589
2992,7.235086519974365
2993,7.2378136539811395
2994,7.240199896237068
2995,7.242586138492996
2996,7.2453132724997715
2997,7.247699514755699
2998,7.250426648762474
2999,7.252812891018403
3000,7.255540025025177
3001,7.257926267281106
3002,7.260653401287881
3003,7.263039643543809
3004,7.265425885799737
3005,7.268153019806513
3006,7.2705392620624405
3007,7.273266396069216
3008,7.275652638325144
3009,7.2783797723319195
3010,7.280766014587847
3011,7.283152256843776
3012,7.285197607348857
3013,7.287924741355632
3014,7.289970091860713
3015,7.292356334116642
3016,7.29474257637257
3017,7.297128818628498
3018,7.299515060884427
3019,7.301901303140355
3020,7.304287545396283
3021,7.306673787652211
3022,7.30906002990814
3023,7.3111053804132204
3024,7.313832514419996
3025,7.316218756675924
3026,7.3182641071810055
3027,7.320650349436933
3028,7.323036591692862
3029,7.32542283394879
3030,7.327809076204718
3031,7.329854426709799
3032,7.332581560716575
3033,7.3349678029725025
3034,7.337354045228431
3035,7.339740287484359
3036,7.342126529740288
3037,7.344512771996215
3038,7.346899014252144
3039,7.349285256508072
3040,7.351671498764
3041,7.354057741019928
3042,7.356443983275857
3043,7.3588302255317855
3044,7.361216467787713
3045,7.363602710043642
3046,7.36598895229957
3047,7.368716086306345
3048,7.371102328562273
3049,7.373488570818202
3050,7.3755339213232824
3051,7.378261055330058
3052,7.380647297585986
3053,7.383374431592761
3054,7.385419782097842
3055,7.388146916104618
3056,7.390533158360546
3057,7.392919400616474
3058,7.395305642872402
3059,7.397691885128331
3060,7.400078127384258
3061,7.402805261391034
3062,7.404850611896115
3063,7.4072368541520435
3064,7.409963988158818
3065,7.412350230414747
3066,7.414736472670675
3067,7.417122714926603
3068,7.419849848933378
3069,7.42189519943846
3070,7.424622333445234
3071,7.427008575701163
3072,7.429394817957091
3073,7.431781060213019
3074,7.434167302468947
3075,7.436553544724876
3076,7.4392806787316506
3077,7.441326029236732
3078,7.44371227149266
3079,7.446439405499436
3080,7.448825647755363
3081,7.451211890011292
3082,7.45359813226722
3083,7.455984374523148
3084,7.458370616779076
3085,7.460756859035005
3086,7.463143101290933
3087,7.465529343546861
3088,7.467915585802789
3089,7.470301828058718
3090,7.472688070314645
3091,7.475074312570574
3092,7.477801446577349
3093,7.4798467970824305
3094,7.482573931089205
3095,7.484960173345134
3096,7.487346415601062
3097,7.48973265785699
3098,7.492118900112919
3099,7.494505142368847
3100,7.497232276375621
3101,7.49961851863155
3102,7.502004760887478
3103,7.5043910031434065
3104,7.507118137150181
3105,7.50950437940611
3106,7.511890621662038
3107,7.514276863917966
3108,7.517003997924741
3109,7.519049348429823
3110,7.521776482436597
3111,7.524162724692526
3112,7.526889858699301
3113,7.529276100955229
3114,7.531662343211157
3115,7.534048585467086
3116,7.5367757194738605
3117,7.539161961729789
3118,7.541548203985717
3119,7.5442753379924925
3120,7.54666158024842
3121,7.549047822504349
3122,7.551774956511124
3123,7.554161198767052
3124,7.55654744102298
3125,7.559274575029756
3126,7.561660817285683
3127,7.564047059541612
3128,7.56643330179754
3129,7.569160435804315
3130,7.571546678060243
3131,7.574273812067019
3132,7.5766600543229465
3133,7.579046296578875
3134,7.58177343058565
3135,7.5845005645924255
3136,7.5872276985992
3137,7.589273049104282
3138,7.59165929136021
3139,7.594045533616138
3140,7.596090884121219
3141,7.598477126377148
3142,7.6005224768822295
3143,7.602908719138157
3144,7.604954069643239
3145,7.607340311899167
3146,7.609385662404248
3147,7.611771904660176
3148,7.614158146916105
3149,7.616203497421186
3150,7.618589739677114
3151,7.620975981933042
3152,7.623021332438124
3153,7.6254075746940515
3154,7.62779381694998
3155,7.629839167455062
3156,7.63222540971099
3157,7.634611651966918
3158,7.636997894222846
3159,7.639043244727928
3160,7.6414294869838555
3161,7.643815729239784
3162,7.646201971495712
3163,7.648247322000794
3164,7.650633564256721
3165,7.652678914761803
3166,7.655065157017731
3167,7.6574513992736595
3168,7.659837641529588
3169,7.662223883785516
3170,7.664269234290598
3171,7.666996368297372
3172,7.669382610553301
3173,7.671427961058382
3174,7.67381420331431
3175,7.676200445570238
3176,7.678586687826167
3177,7.680972930082095
3178,7.683359172338023
3179,7.685404522843104
3180,7.687790765099033
3181,7.6901770073549605
3182,7.692563249610889
3183,7.694949491866817
3184,7.696994842371899
3185,7.699721976378673
3186,7.701767326883755
3187,7.704153569139684
3188,7.706539811395611
3189,7.70892605365154
3190,7.711312295907468
3191,7.7136985381633965
3192,7.716084780419324
3193,7.718471022675253
3194,7.720857264931181
3195,7.723243507187109
3196,7.725629749443037
3197,7.728015991698966
3198,7.7304022339548935
3199,7.732788476210822
3200,7.73517471846675
3201,7.7375609607226785
3202,7.739947202978606
3203,7.742333445234535
3204,7.744719687490463
3205,7.747105929746391
3206,7.749492172002319
3207,7.751878414258248
3208,7.7542646565141755
3209,7.756650898770104
3210,7.759037141026032
3211,7.761423383281961
3212,7.763809625537888
3213,7.766536759544664
3214,7.768582110049745
3215,7.770968352305673
3216,7.773354594561601
3217,7.77574083681753
3218,7.7784679708243045
3219,7.780513321329386
3220,7.783240455336161
3221,7.78562669759209
3222,7.788012939848018
3223,7.790399182103946
3224,7.792785424359875
3225,7.795171666615802
3226,7.797557908871731
3227,7.799944151127659
3228,7.8023303933835875
3229,7.804716635639515
3230,7.807443769646291
3231,7.809830011902219
3232,7.8118753624073
3233,7.814602496414075
3234,7.816988738670004
3235,7.819374980925931
3236,7.82176122318186
3237,7.824488357188635
3238,7.826874599444563
3239,7.829260841700491
3240,7.83164708395642
3241,7.834033326212348
3242,7.836419568468276
3243,7.839146702475051
3244,7.84153294473098
3245,7.843919186986907
3246,7.846305429242836
3247,7.848691671498764
3248,7.851077913754692
3249,7.853805047761467
3250,7.856532181768243
3251,7.8589184240241705
3252,7.861304666280099
3253,7.864031800286874
3254,7.866077150791956
3255,7.86880428479873
3256,7.871190527054659
3257,7.873576769310587
3258,7.876303903317362
3259,7.87869014557329
3260,7.881076387829219
3261,7.883803521835993
3262,7.886189764091922
3263,7.888916898098697
3264,7.891303140354625
3265,7.893689382610553
3266,7.895734733115635
3267,7.898120975371563
3268,7.900166325876644
3269,7.902552568132572
3270,7.904938810388501
3271,7.906984160893582
3272,7.909029511398663
3273,7.911756645405438
3274,7.91380199591052
3275,7.916188238166448
3276,7.918233588671529
3277,7.920619830927458
3278,7.923006073183386
3279,7.925051423688467
3280,7.927437665944395
3281,7.929823908200324
3282,7.9318692587054045
3283,7.934255500961333
3284,7.936641743217261
3285,7.938687093722343
3286,7.941073335978271
3287,7.943118686483352
3288,7.945164036988434
3289,7.9478911709952085
3290,7.94993652150029
3291,7.952322763756218
3292,7.954709006012147
3293,7.957095248268074
3294,7.959140598773156
3295,7.961526841029084
3296,7.9639130832850125
3297,7.965958433790093
3298,7.968344676046022
3299,7.97073091830195
3300,7.973117160557878
3301,7.97516251106296
3302,7.977889645069735
3303,7.980275887325663
3304,7.982662129581591
3305,7.984707480086673
3306,7.987093722342601
3307,7.989479964598529
3308,7.991866206854457
3309,7.994252449110386
3310,7.9966386913663134
3311,7.999024933622242
3312,8.001070284127323
3313,8.003456526383252
3314,8.00584276863918
3315,8.008229010895107
3316,8.010615253151036
3317,8.013001495406964
3318,8.015046845912046
3319,8.017433088167975
3320,8.019819330423902
3321,8.022546464430677
3322,8.024932706686606
3323,8.026978057191688
3324,8.029705191198461
3325,8.031750541703543
3326,8.034136783959472
3327,8.0365230262154
3328,8.038909268471327
3329,8.041295510727256
3330,8.043681752983185
3331,8.045727103488266
3332,8.04845423749504
3333,8.050499588000122
3334,8.053226722006897
3335,8.055272072511979
3336,8.057658314767906
3337,8.060044557023835
3338,8.06277169103061
3339,8.064817041535692
3340,8.067544175542466
3341,8.069589526047547
3342,8.071975768303476
3343,8.074702902310252
3344,8.076748252815333
3345,8.079475386822107
3346,8.081861629078036
3347,8.084247871333964
3348,8.086634113589893
3349,8.08902035584582
3350,8.091747489852596
3351,8.093792840357677
3352,8.096519974364453
3353,8.09890621662038
3354,8.101292458876308
3355,8.104019592883084
3356,8.106405835139011
3357,8.10879207739494
3358,8.111178319650868
3359,8.113905453657644
3360,8.115950804162726
3361,8.118337046418652
3362,8.120723288674581
3363,8.123450422681357
3364,8.125836664937285
3365,8.128222907193212
3366,8.130950041199988
3367,8.133336283455916
3368,8.135722525711845
3369,8.138108767967772
3370,8.1404950102237
3371,8.143222144230476
3372,8.145608386486405
3373,8.147994628742332
3374,8.15038087099826
3375,8.152767113254189
3376,8.155494247260965
3377,8.157880489516891
3378,8.16026673177282
3379,8.162993865779596
3380,8.165380108035524
3381,8.167766350291451
3382,8.170493484298227
3383,8.172879726554156
3384,8.175265968810084
3385,8.177993102816858
3386,8.180379345072787
3387,8.182765587328715
3388,8.185151829584644
3389,8.187878963591418
3390,8.190606097598193
3391,8.192992339854122
3392,8.195719473860896
3393,8.197764824365978
3394,8.200151066621906
3395,8.202196417126988
3396,8.204582659382917
3397,8.206628009887996
3398,8.209014252143925
3399,8.211059602649007
3400,8.213445844904935
3401,8.215491195410015
3402,8.217536545915097
3403,8.219581896420179
3404,8.221968138676107
3405,8.224354380932036
3406,8.226740623187963
3407,8.228445081942198
3408,8.230831324198126
3409,8.233217566454055
3410,8.235603808709982
3411,8.237649159215064
3412,8.239694509720145
3413,8.242080751976074
3414,8.244126102481156
3415,8.246512344737083
3416,8.248898586993011
3417,8.250943937498093
3418,8.252989288003175
3419,8.255375530259101
3420,8.25776177251503
3421,8.259807123020112
3422,8.26219336527604
3423,8.264238715781122
3424,8.266624958037049
3425,8.26867030854213
3426,8.27105655079806
3427,8.273783684804835
3428,8.275829035309915
3429,8.277874385814997
3430,8.280260628070925
3431,8.282646870326854
3432,8.28503311258278
3433,8.287078463087862
3434,8.289464705343791
3435,8.29185094759972
3436,8.294237189855647
3437,8.296623432111575
3438,8.298668782616657
3439,8.301055024872586
3440,8.303441267128514
3441,8.305486617633594
3442,8.307872859889523
3443,8.310259102145451
3444,8.31264534440138
3445,8.315031586657307
3446,8.317417828913236
3447,8.319463179418317
3448,8.321849421674246
3449,8.324235663930173
3450,8.326621906186102
3451,8.32900814844203
3452,8.331053498947112
3453,8.333780632953886
3454,8.336166875209814
3455,8.338553117465743
3456,8.340598467970825
3457,8.342984710226753
3458,8.345030060731833
3459,8.347757194738609
3460,8.350143436994538
3461,8.352529679250466
3462,8.354915921506393
3463,8.357302163762322
3464,8.359347514267403
3465,8.362074648274179
3466,8.364119998779259
3467,8.366506241035188
3468,8.368892483291116
3469,8.371278725547045
3470,8.373664967802972
3471,8.3760512100589
3472,8.378437452314829
3473,8.380823694570758
3474,8.383550828577532
3475,8.385596179082613
3476,8.387982421338542
3477,8.39036866359447
3478,8.393095797601244
3479,8.395141148106326
3480,8.397868282113102
3481,8.40025452436903
3482,8.402640766624957
3483,8.405027008880886
3484,8.407413251136814
3485,8.409799493392743
3486,8.412526627399517
3487,8.414571977904599
3488,8.417299111911374
3489,8.42002624591815
3490,8.422412488174077
3491,8.424457838679158
3492,8.427184972685934
3493,8.429230323191016
3494,8.431616565446944
3495,8.434343699453718
3496,8.436729941709647
3497,8.439116183965576
3498,8.441502426221504
3499,8.443888668477431
3500,8.44627491073336
3501,8.449002044740135
3502,8.451388286996064
3503,8.45377452925199
3504,8.456501663258766
3505,8.458887905514695
3506,8.46161503952147
3507,8.464001281777398
3508,8.466728415784173
3509,8.468773766289255
3510,8.471500900296029
3511,8.473887142551957
3512,8.476614276558733
3513,8.479000518814662
3514,8.481386761070588
3515,8.484113895077364
3516,8.48684102908414
3517,8.488886379589221
3518,8.491613513595995
3519,8.49434064760277
3520,8.497067781609546
3521,8.499113132114628
3522,8.501158482619708
3523,8.503885616626484
3524,8.505930967131565
3525,8.508317209387494
3526,8.510703451643423
3527,8.512748802148502
3528,8.515135044404431
3529,8.517180394909513
3530,8.519566637165441
3531,8.521952879421368
3532,8.52399822992645
3533,8.526384472182379
3534,8.52842982268746
3535,8.531156956694234
3536,8.533202307199316
3537,8.535929441206092
3538,8.537974791711173
3539,8.540020142216255
3540,8.542747276223029
3541,8.54479262672811
3542,8.546837977233192
3543,8.549565111239968
3544,8.551951353495895
3545,8.553996704000976
3546,8.556382946256905
3547,8.558769188512834
3548,8.561496322519607
3549,8.563200781273842
3550,8.565927915280618
3551,8.568314157536546
3552,8.570359508041626
3553,8.573086642048402
3554,8.57547288430433
3555,8.577518234809412
3556,8.580245368816186
3557,8.582290719321268
3558,8.584676961577197
3559,8.587404095583972
3560,8.589449446089054
3561,8.592176580095828
3562,8.594562822351756
3563,8.596949064607685
3564,8.599335306863614
3565,8.60172154911954
3566,8.604107791375469
3567,8.606494033631398
3568,8.608880275887326
3569,8.611266518143253
3570,8.613993652150029
3571,8.616379894405958
3572,8.618766136661886
3573,8.620811487166966
3574,8.623197729422895
3575,8.625583971678823
3576,8.628311105685599
3577,8.630697347941526
3578,8.633424481948301
3579,8.63581072420423
3580,8.637856074709312
3581,8.640583208716086
3582,8.642969450972014
3583,8.645355693227943
3584,8.648082827234719
3585,8.650128177739798
3586,8.652514419995727
3587,8.654900662251656
3588,8.657627796258431
3589,8.659673146763511
3590,8.662400280770287
3591,8.664445631275369
3592,8.667172765282144
3593,8.669218115787224
3594,8.671604358043153
3595,8.674331492049928
3596,8.67637684255501
3597,8.678422193060092
3598,8.681149327066866
3599,8.683876461073641
3600,8.686603595080417
3601,8.688648945585497
3602,8.691035187841425
3603,8.693762321848201
3604,8.69614856410413
3605,8.698534806360056
3606,8.701261940366832
3607,8.703307290871914
3608,8.70603442487869
3609,8.708761558885463
3610,8.711147801141392
3611,8.71353404339732
3612,8.71592028565325
3613,8.718647419660023
3614,8.720692770165105
3615,8.723079012421033
3616,8.725806146427809
3617,8.728533280434583
3618,8.730919522690511
3619,8.73330576494644
3620,8.736032898953216
3621,8.738419141209143
3622,8.740805383465071
3623,8.743191625721
3624,8.745918759727775
3625,8.748305001983702
3626,8.751032135990478
3627,8.753418378246407
3628,8.755804620502335
3629,8.758190862758262
3630,8.76057710501419
3631,8.763304239020966
3632,8.766031373027742
3633,8.768417615283669
3634,8.771144749290444
3635,8.773190099795526
3636,8.775917233802302
3637,8.778303476058229
3638,8.781030610065004
3639,8.78375774407178
3640,8.786143986327708
3641,8.788871120334482
3642,8.791257362590411
3643,8.793984496597187
3644,8.796370738853115
3645,8.798756981109042
3646,8.801825006866665
3647,8.804211249122593
3648,8.806597491378522
3649,8.808983733634449
3650,8.811369975890377
3651,8.813756218146306
3652,8.815801568651388
3653,8.818187810907315
3654,8.820233161412396
3655,8.822278511917478
3656,8.825005645924254
3657,8.82739188818018
3658,8.829437238685262
3659,8.83182348094119
3660,8.833868831446273
3661,8.836255073702201
3662,8.838300424207281
3663,8.841027558214057
3664,8.843413800469985
3665,8.845459150975067
3666,8.847845393230994
3667,8.850231635486923
3668,8.852276985992004
3669,8.854663228247933
3670,8.856708578753013
3671,8.859094821008942
3672,8.86148106326487
3673,8.863526413769952
3674,8.86591265602588
3675,8.868298898281807
3676,8.870344248786889
3677,8.872730491042818
3678,8.875116733298746
3679,8.877162083803826
3680,8.879548326059755
3681,8.881593676564837
3682,8.883979918820765
3683,8.886366161076692
3684,8.88875240333262
3685,8.89113864558855
3686,8.893524887844478
3687,8.895911130100405
3688,8.897956480605487
3689,8.900342722861415
3690,8.903069856868191
3691,8.905115207373273
3692,8.907160557878353
3693,8.909546800134281
3694,8.91193304239021
3695,8.914319284646139
3696,8.916705526902065
3697,8.919091769157994
3698,8.921478011413923
3699,8.923523361919004
3700,8.925909604174931
3701,8.92829584643086
3702,8.930682088686789
3703,8.933068330942717
3704,8.935454573198644
3705,8.937840815454573
3706,8.940227057710501
3707,8.942954191717277
3708,8.944658650471512
3709,8.947385784478286
3710,8.949772026734214
3711,8.95249916074099
3712,8.954544511246072
3713,8.956589861751151
3714,8.95897610400708
3715,8.961703238013856
3716,8.964089480269784
3717,8.966475722525711
3718,8.968521073030793
3719,8.971248207037569
3720,8.97329355754265
3721,8.975679799798577
3722,8.978066042054506
3723,8.980111392559587
3724,8.982838526566363
3725,8.98522476882229
3726,8.987611011078219
3727,8.989997253334147
3728,8.992724387340923
3729,8.994769737846003
3730,8.997496871852778
3731,8.999883114108707
3732,9.001928464613789
3733,9.004655598620563
3734,9.006700949125644
3735,9.009768974883267
3736,9.011814325388348
3737,9.014541459395122
3738,9.016927701651051
3739,9.01931394390698
3740,9.022041077913755
3741,9.024427320169682
3742,9.02681356242561
3743,9.02919980468154
3744,9.031586046937468
3745,9.033972289193395
3746,9.036358531449324
3747,9.0390856654561
3748,9.041471907712028
3749,9.043858149967955
3750,9.046244392223883
3751,9.048971526230659
3752,9.051357768486588
3753,9.053744010742514
3754,9.05647114474929
3755,9.059198278756066
3756,9.061584521011994
3757,9.063970763267921
3758,9.06635700552385
3759,9.068743247779778
3760,9.071470381786554
3761,9.073856624042481
3762,9.07624286629841
3763,9.078629108554338
3764,9.081015350810267
3765,9.08374248481704
3766,9.08612872707297
3767,9.088855861079745
3768,9.091242103335674
3769,9.093969237342447
3770,9.09601458784753
3771,9.098741721854305
3772,9.10146885586108
3773,9.10351420636616
3774,9.105900448622089
3775,9.108627582628865
3776,9.110672933133946
3777,9.113059175389873
3778,9.115445417645802
3779,9.11783165990173
3780,9.119877010406812
3781,9.122604144413588
3782,9.124990386669515
3783,9.12771752067629
3784,9.129421979430525
3785,9.1321491134373
3786,9.134535355693227
3787,9.136580706198309
3788,9.138966948454238
3789,9.141353190710166
3790,9.143398541215246
3791,9.146125675222022
3792,9.148171025727104
3793,9.150557267983032
3794,9.15294351023896
3795,9.155329752494888
3796,9.15737510299997
3797,9.159761345255898
3798,9.16180669576098
3799,9.164192938016907
3800,9.166579180272835
3801,9.168624530777917
3802,9.171010773033846
3803,9.173397015289773
3804,9.175101474044007
3805,9.177487716299936
3806,9.179533066805018
3807,9.181919309060946
3808,9.184305551316873
3809,9.186691793572802
3810,9.188737144077884
3811,9.190782494582965
3812,9.193168736838892
3813,9.19555497909482
3814,9.197600329599902
3815,9.200327463606678
3816,9.202372814111758
3817,9.204759056367687
3818,9.206804406872768
3819,9.209190649128697
3820,9.211576891384626
3821,9.213622241889706
3822,9.216008484145634
3823,9.218053834650716
3824,9.220440076906645
3825,9.222826319162571
3826,9.2252125614185
3827,9.227598803674429
3828,9.22964415417951
3829,9.232030396435437
3830,9.234416638691366
3831,9.236802880947295
3832,9.239189123203223
3833,9.241234473708303
3834,9.243279824213385
3835,9.24600695822016
3836,9.247711416974395
3837,9.249756767479477
3838,9.252824793237098
3839,9.25487014374218
3840,9.256915494247261
3841,9.259642628254037
3842,9.262028870509964
3843,9.264074221015045
3844,9.266801355021821
3845,9.26918759727775
3846,9.271573839533676
3847,9.273619190038758
3848,9.27668721579638
3849,9.278732566301462
3850,9.28111880855739
3851,9.283505050813318
3852,9.285891293069247
3853,9.288277535325175
3854,9.290663777581102
3855,9.292709128086184
3856,9.29543626209296
3857,9.297822504348888
3858,9.29986785485397
3859,9.302254097109897
3860,9.304640339365825
3861,9.307026581621754
3862,9.30975371562853
3863,9.31179906613361
3864,9.313844416638691
3865,9.31623065889462
3866,9.318957792901395
3867,9.321344035157322
3868,9.324071169164098
3869,9.326457411420026
3870,9.328843653675955
3871,9.330889004181035
3872,9.333275246436964
3873,9.33600238044374
3874,9.338729514450515
3875,9.341115756706442
3876,9.34350199896237
3877,9.345888241218299
3878,9.348615375225075
3879,9.351001617481002
3880,9.353728751487777
3881,9.356114993743706
3882,9.358842127750481
3883,9.361569261757255
3884,9.363614612262337
3885,9.366341746269113
3886,9.368727988525041
3887,9.371796014282662
3888,9.37418225653859
3889,9.376909390545366
3890,9.37963652455214
3891,9.382022766808069
3892,9.385090792565691
3893,9.387136143070773
3894,9.389863277077547
3895,9.392590411084322
3896,9.395317545091098
3897,9.398044679097874
3898,9.4004309213538
3899,9.403498947111423
3900,9.405885189367352
3901,9.40827143162328
3902,9.411339457380901
3903,9.414066591387677
3904,9.416793725394452
3905,9.419520859401226
3906,9.421566209906308
3907,9.423952452162236
3908,9.426679586169012
3909,9.429065828424939
3910,9.431452070680868
3911,9.434179204687643
3912,9.436565446943572
3913,9.438951689199499
3914,9.441337931455427
3915,9.444065065462203
3916,9.446110415967285
3917,9.448496658223211
3918,9.45088290047914
3919,9.453269142735069
3920,9.455655384990997
3921,9.458382518997771
3922,9.460427869502853
3923,9.46179143650624
3924,9.463836787011322
3925,9.466223029267251
3926,9.466904812768945
3927,9.469291055024872
3928,9.470313730277413
3929,9.472018189031647
3930,9.47406353953673
3931,9.476108890041811
3932,9.478495132297738
3933,9.480881374553666
3934,9.483267616809595
3935,9.485653859065524
3936,9.488380993072298
3937,9.490767235328226
3938,9.493494369335002
3939,9.49588061159093
3940,9.498266853846857
3941,9.500993987853633
3942,9.503721121860409
3943,9.506107364116337
3944,9.508834498123111
3945,9.51122074037904
3946,9.513606982634968
3947,9.516334116641744
3948,9.51872035889767
3949,9.5211066011536
3950,9.523492843409528
3951,9.52553819391461
3952,9.528265327921384
3953,9.530651570177312
3954,9.532696920682394
3955,9.535764946440016
3956,9.538151188695943
3957,9.540537430951872
3958,9.5429236732078
3959,9.54530991546373
3960,9.547696157719656
3961,9.550423291726432
3962,9.553150425733207
3963,9.555877559739983
3964,9.55826380199591
3965,9.560650044251839
3966,9.563377178258614
3967,9.565763420514543
3968,9.568490554521317
3969,9.570876796777245
3970,9.573263039033174
3971,9.57599017303995
3972,9.578376415295876
3973,9.581103549302652
3974,9.583148899807734
3975,9.58587603381451
3976,9.588262276070436
3977,9.590989410077212
3978,9.59337565233314
3979,9.595761894589069
3980,9.598489028595843
3981,9.600875270851772
3982,9.6032615131077
3983,9.605647755363629
3984,9.608374889370403
3985,9.610420239875484
3986,9.61314737388226
3987,9.615192724387342
3988,9.617578966643269
3989,9.619965208899197
3990,9.622010559404279
3991,9.624396801660208
3992,9.626442152165287
3993,9.62848750267037
3994,9.63053285317545
3995,9.63291909543138
3996,9.634964445936461
3997,9.637350688192388
3998,9.63939603869747
3999,9.641782280953398
4000,9.64382763145848
4001,9.646213873714407
4002,9.648600115970336
4003,9.651327249977111
4004,9.653372600482193
4005,9.656099734488967
4006,9.658826868495742
4007,9.661213110751671
4008,9.663940244758447
4009,9.66666737876522
4010,9.669394512771996
4011,9.671780755027925
4012,9.6745078890347
4013,9.676894131290627
4014,9.679621265297403
4015,9.682007507553331
4016,9.684734641560107
4017,9.68746177556688
4018,9.690188909573656
4019,9.692916043580432
4020,9.695302285836359
4021,9.698370311593981
4022,9.700415662099063
4023,9.703142796105839
4024,9.705869930112613
4025,9.708256172368541
4026,9.710983306375317
4027,9.713710440382092
4028,9.716437574388866
4029,9.718823816644795
4030,9.72155095065157
4031,9.7239371929075
4032,9.72700521866512
4033,9.729391460921049
4034,9.731777703176977
4035,9.734504837183753
4036,9.737231971190527
4037,9.739277321695608
4038,9.742004455702384
4039,9.744390697958313
4040,9.747117831965086
4041,9.749844965971862
4042,9.75223120822779
4043,9.754617450483718
4044,9.75768547624134
4045,9.760071718497269
4046,9.763139744254891
4047,9.765525986510818
4048,9.768253120517594
4049,9.77098025452437
4050,9.773707388531145
4051,9.776434522537919
4052,9.778820764793847
4053,9.781547898800623
4054,9.784275032807397
4055,9.786661275063326
4056,9.789388409070101
4057,9.792115543076877
4058,9.794501785332804
4059,9.79722891933958
4060,9.799615161595508
4061,9.802342295602283
4062,9.805069429609057
4063,9.80813745536668
4064,9.810864589373455
4065,9.81359172338023
4066,9.815977965636158
4067,9.818705099642933
4068,9.821091341898862
4069,9.824159367656483
4070,9.826886501663258
4071,9.829613635670034
4072,9.83234076967681
4073,9.83540879543443
4074,9.83779503769036
4075,9.840863063447982
4076,9.843249305703909
4077,9.845976439710684
4078,9.849044465468307
4079,9.851430707724235
4080,9.854839625232703
4081,9.857225867488632
4082,9.860293893246254
4083,9.863021027253028
4084,9.865407269508957
4085,9.868134403515732
4086,9.870861537522508
4087,9.873588671529282
4088,9.87597491378521
4089,9.879042939542833
4090,9.881770073549609
4091,9.884156315805535
4092,9.886883449812311
4093,9.889610583819087
4094,9.891996826075015
